  0.25268471949238275      -0.96754867192046512     
  0.24053177403162229      -0.97064126518565064     
  0.22259583096775926      -0.97491081440087268     
  0.19923933059342994      -0.97995086057653014     
  0.17095837255742061      -0.98527825250155510     
  0.13838606063300193      -0.99037836114410294     
  0.10228895966097108      -0.99475472792617392     
   6.3554109149892152E-002 -0.99797839415999567     
   2.3165556945291280E-002 -0.99973164247782742     
  -1.7828708784698170E-002 -0.99984105593992811     
  -5.8356663351927532E-002 -0.99829579776859212     
  -9.7364816216748473E-002 -0.99524875913666866     
 -0.13385872071498400      -0.99100042527162813     
 -0.16693712747969605      -0.98596754280697685     
 -0.19581679589115247      -0.98064049602640968     
 -0.21984682751907159      -0.97553440350907128     
 -0.23851332276911510      -0.97113922527186380     
 -0.25143675242865993      -0.96787373119024611     
 -0.25836537073028648      -0.96604727379533639     
 -0.25916814453069426      -0.96583221775861106     
 -0.25383007491800280      -0.96724882686262337     
 -0.24245161411370039      -0.97016349901120347     
 -0.22525238225814734      -0.97430044867434473     
 -0.20257785210238155      -0.97926616087639096     
 -0.17490638516209309      -0.98458506815283842     
 -0.14285323394123958      -0.98974388280631953     
 -0.10716806797873342      -0.99424091909642587     
  -6.8723316268003376E-002 -0.99763575808063731     
  -2.8492061024807516E-002 -0.99959401881891963     
   1.2483897146101640E-002 -0.99992207311972348     
   5.3133264950153497E-002 -0.99858743040143305     
   9.2397745164474146E-002 -0.99572217846572086     
  0.12927307790965561      -0.99160903148759394     
  0.16284422788401731      -0.98665179138582537     
  0.19231152147790614      -0.98133392823587473     
  0.21700634140470107      -0.97617019406973615     
  0.23639693859540892      -0.97165656866133443     
  0.25008657781224136      -0.96822347812793808     
  0.25780726529381953      -0.96619636408016052     
  0.25941255844509947      -0.96576659940224063     
  0.25487244922475938      -0.96697468148146071     
  0.24427220148551740      -0.96970670389629610     
  0.22781555078844115      -0.97370430563850296     
  0.20583112696329547      -0.97858752657747472     
  0.17877962646696999      -0.98388914271900096     
  0.14725841233577724      -0.98909805378250859     
  0.11200006222952272      -0.99370819965449764     
   7.3862017492012780E-002 -0.99726847055946255     
   3.3805847515612115E-002 -0.99942841898444690     
  -7.1335081039772350E-003 -0.99997455620737197     
  -4.7886217440217906E-002 -0.99885279705233254     
  -8.7389881483647569E-002 -0.99617418588029771     
 -0.12463103064370905      -0.99220315772561762     
 -0.15868129054137600      -0.98732985776392046     
 -0.18872482088187462      -0.98203001073445018     
 -0.21407538123689610      -0.97681714314823409     
 -0.23418333681967943      -0.97219245252984787     
 -0.24863463457849219      -0.96859734590180435     
 -0.25714490608389606      -0.96637285623878333     
 -0.25955220950800617      -0.96572907719479595     
 -0.25581150730605851      -0.96672667943416268     
 -0.24599293105667774      -0.96927162233820952     
 -0.23028444460158015      -0.97312336040943015     
 -0.20899796169591753      -0.97791607615733145     
 -0.18257659703763632      -0.98319163249803776     
 -0.15159980359145572      -0.98844195558010994     
 -0.11678289311776301      -0.99315746781416547     
  -7.8967965876149210E-002 -0.99687715409943234     
  -3.9104551615677108E-002 -0.99923512450420637     
   1.7799315694444864E-003 -0.99999841592054939     
   4.2617840262151173E-002 -0.99909144711151932     
   8.2343386449615155E-002 -0.99660401700374923     
  0.11993451127959003      -0.99278180533495164     
  0.15444997067646291      -0.98800061060610678     
  0.18505804765815478      -0.98272759144991551     
  0.21105499495665761      -0.97747418845913536     
  0.23187327008998002      -0.97274600313636816     
  0.24708139677133395      -0.96899472824650945     
  0.25637850392515521      -0.96657646501717553     
  0.25958705355866218      -0.96571971173044424     
  0.25664694821525663      -0.96650522190611854     
  0.24761323387897866      -0.96885896105057223     
  0.23265821012427998      -0.97255856238160099     
  0.21207720270841440      -0.97725291511019508     
  0.18629583704887082      -0.98249369519517049     
  0.15587565216816171      -0.98777668582587541     
  0.12151454200893345      -0.99258965140704503     
   8.4038936111932416E-002 -0.99646247155483714     
   4.4385818821778542E-002 -0.99901446390306092     
   3.5744403520190367E-003 -0.99999361166767953     
  -3.7330467294722572E-002 -0.99930297518398170     
  -7.7260446421387213E-002 -0.99701094448294192     
 -0.11518548529304494      -0.99334400082640339     
 -0.15015196155464128      -0.98866292963845548     
 -0.18131259533074767      -0.98342551460414562     
 -0.20794627002077640      -0.97814025005847005     
 -0.22946752868830816      -0.97331631717426814     
 -0.24542737381348306      -0.96941498037889684     
 -0.25550830332037316      -0.96680686123669202     
 -0.25951707958176168      -0.96573851813280887     
 -0.25737850496902481      -0.96631066701134460     
 -0.24913257685395113      -0.96846938988803877     
 -0.23493603189360796      -0.97201083374522401     
 -0.21506773618071112      -0.97659913416616551     
 -0.18993592645591154      -0.98179648799602792     
 -0.16008423976355277      -0.98710335638134938     
 -0.12619302189378401      -0.99200570624634765     
  -8.9072725856901333E-002 -0.99602512493833273     
  -4.9647306502687970E-002 -0.99876681210231855     
  -8.9272150071752262E-003 -0.99996015162216123     
   3.2026445322086837E-002 -0.99948702182671256     
   7.2143271584175134E-002 -0.99739427929236291     
  0.11038595039701336      -0.99388879757996473     
  0.14578899401713230      -0.98931570755925657     
  0.17748989729353792      -0.98412262262318173     
  0.20475033356440803      -0.97881423207126672     
  0.22696694081950372      -0.97390246317330764     
  0.24367311078657841      -0.96985741997449904     
  0.25453458261523265      -0.96706367228476187     
  0.25934230969956545      -0.96578546603254223     
  0.25800594436949181      -0.96614332925814206     
  0.25055046244717133      -0.96810354082996131     
  0.23711713227347780      -0.97148106805145829     
  0.21796848791948029      -0.97595580754155842     
  0.19349548512175127      -0.98110116564883265     
  0.16422388581275391      -0.98642309144127382     
  0.13081637829984372      -0.99140661444662159     
   9.4067157021181999E-002 -0.99556585416031229     
   5.4886685449395345E-002 -0.99849258973733956     
   1.4276000842699707E-002 -0.99989809270742147     
  -2.6708132475538077E-002 -0.99964327420318755     
  -6.6994094648471308E-002 -0.99775337197236857     
 -0.10553793561237608      -0.99441527751069769     
 -0.14136283596361521      -0.98995785193528518     
 -0.17359142666845068      -0.98481775805841965     
 -0.20146835253683967      -0.97949502445193237     
 -0.22437237289164014      -0.97450348295066380     
 -0.24181918871935568      -0.97032132820376193     
 -0.25345765418260063      -0.96734648267115397     
 -0.25906279918772029      -0.96586047961236254     
 -0.25852906684623972      -0.96600347908049100     
 -0.25186642841124707      -0.96776200702412474     
 -0.23920077116342561      -0.97097012882725831     
 -0.22077842318710522      -0.97532399122292457     
 -0.19697317290220556      -0.98040887855875614     
 -0.16829294793571811      -0.98573702561844845     
 -0.13538269014959289      -0.99079338270290207     
  -9.9020077009969260E-002 -0.99508543570335695     
  -6.0101641399483999E-002 -0.99819226239291592     
  -1.9618409050693991E-002 -0.99980754049282883     
   2.1377896653279289E-002 -0.99977146665359562     
   6.1815169507647302E-002 -0.99808761379887934     
  0.10064350028624505      -0.99492255268947072     
  0.13687529178160160      -0.99058828707980462     
  0.16961869611907809      -0.98550976551572733     
  0.19810153380813880      -0.98018150477493848     
  0.22168472978553747      -0.97511839310922299     
  0.23986622488193518      -0.97080595082688326     
  0.25227786462519486      -0.96765483464929369     
  0.25867863651468276      -0.96596343771951565     
  0.25894770631909869      -0.96589134243561670     
  0.25308004751929003      -0.96744534189153752     
  0.24118624570199307      -0.97047884824151520     
  0.22349654650697492      -0.97470472128714736     
  0.20036768969060059      -0.97972077089753040     
  0.17228982233310247      -0.98504630201855381     
  0.13989007056485098      -0.99016704053273807     
  0.10392935992015495      -0.99458468123462818     
   6.5289876532875421E-002 -0.99786633975814709     
   2.4952055208806008E-002 -0.99968864900070598     
  -1.6038113921195269E-002 -0.99987138117952490     
  -5.6608769856194029E-002 -0.99839643788195098     
  -9.5704733058659647E-002 -0.99540976691519900     
 -0.13232820172210896      -0.99120595590875704     
 -0.16557325761818698      -0.98619749358924125     
 -0.19465112424442502      -0.98087254005318214     
 -0.21890495511100452      -0.97574618658124879     
 -0.23781487308421004      -0.97131049934608504     
 -0.25099559499540397      -0.96798822890203740     
 -0.25818994340451873      -0.96609417404555931     
 -0.25926173008256082      -0.96580710046809937     
 -0.25419092731059223      -0.96715405829318690     
 -0.24307288996700560      -0.97000802582405887     
 -0.22612190144749628      -0.97409901225992879     
 -0.20367777542402621      -0.97903797873132581     
 -0.17621294413166366      -0.98435207030840910     
 -0.14433666761710773      -0.98952863848460115     
 -0.10879290768949527      -0.99406443615917828     
  -7.0449110936264395E-002 -0.99751537470271101     
  -3.0274560911748280E-002 -0.99954162042488293     
   1.0691166897688524E-002 -0.99994284784199827     
   5.1377187770869810E-002 -0.99867932019079919     
   9.0723750778729739E-002 -0.99587609723531312     
  0.12772344122132548      -0.99180982177158472     
  0.16145670216764121      -0.98687979679652460     
  0.19111841074956212      -0.98156698858129987     
  0.21603403144740460      -0.97638583421544056     
  0.23566582397624555      -0.97183415221404790     
  0.24961126103090339      -0.96834612529124220     
  0.25759687492270728      -0.96625247737330799     
  0.25947103871249488      -0.96575088924083263     
  0.25519870985011894      -0.96688862775959605     
  0.24486007467497967      -0.96955842723900010     
  0.22865357038722545      -0.97350785551487673     
  0.20690221005318599      -0.97836162816982319     
  0.18006078768032302      -0.98365548478110043     
  0.14872066502370249      -0.98887924631620605     
  0.11360865119687676      -0.99352557811725528     
   7.5577084033680006E-002 -0.99713996227659341     
   3.5583555391035318E-002 -0.99936670476143696     
  -5.3394431256958263E-003 -0.99998574507195226     
  -4.6122732257155498E-002 -0.99893578050299847     
  -8.5702697371439290E-002 -0.99632075541125786     
 -0.12306292016812996      -0.99239887025313189     
 -0.15727065946940386      -0.98755553751171832     
 -0.18750472027113535      -0.98226370180112188     
 -0.21307298056613402      -0.97703628640530227     
 -0.23341980534853290      -0.97237605609715272     
 -0.24812531340459756      -0.96872794367039405     
 -0.25689961958444446      -0.96643809189071583     
 -0.25957556599571641      -0.96572279953307694     
 -0.25610307150332584      -0.96664947978394034     
 -0.24654720688183709      -0.96913078311379863     
 -0.23109067426352731      -0.97293221771530847     
 -0.21003981347795572      -0.97769283353932057     
 -0.18383186679819083      -0.98295770242136682     
 -0.15304028278993045      -0.98821995114629113     
 -0.11837455131240959      -0.99296901542877247     
  -8.0671555980730947E-002 -0.99674073863550283     
  -4.0876677119805853E-002 -0.99916419935246037     
  -1.4666564949661495E-005 -0.99999999989244592     
   4.0847727763541342E-002 -0.99916538327573956     
   8.0643742656495682E-002 -0.99674298932591088     
  0.11834858211750399      -0.99297211094309012     
  0.15301679754642156      -0.98822358789326492     
  0.18381141976865387      -0.98296152618636690     
  0.21002286363260808      -0.97769647475663879     
  0.23107758242987927      -0.97293532719208131     
  0.24653823798730815      -0.96913306475948569     
  0.25609839948480428      -0.96665071757140986     
  0.25957527888282400      -0.96572287670578882     
  0.25690372272769391      -0.96643700117941067     
  0.24813372968703909      -0.96872578792535480     
  0.23343237230717251      -0.97237303930078478     
  0.21308944545083197      -0.97703269558262840     
  0.18752473497597458      -0.98225988097457717     
  0.15729377779732828      -0.98755185558341430     
  0.12308859989625170      -0.99239568548819301     
   8.5730309020224854E-002 -0.99631837989434724     
   4.6151575399650237E-002 -0.99893444834389933     
   5.3687697016094630E-003 -0.99998558805209337     
  -3.5554512666287889E-002 -0.99936773843718951     
  -7.5549081120777184E-002 -0.99714208432991447     
 -0.11358240345005025      -0.99352857916947213     
 -0.14869682231233899      -0.98888283180274328     
 -0.18003991614200432      -0.98365930514359501     
 -0.20688478138536281      -0.97836531379190395     
 -0.22863995818066549      -0.97351105259423920     
 -0.24485055612152681      -0.96956083108125768     
 -0.25519347044998469      -0.96689001062152502     
 -0.25947017746458134      -0.96575112063434787     
 -0.25760040788226052      -0.96625153550144127     
 -0.24961912194317884      -0.96834409894433515     
 -0.23567786176526928      -0.97183123302029695     
 -0.21605000545051189      -0.97638229968841295     
 -0.19113798553232011      -0.98156317702257279     
 -0.16147944433855851      -0.98687607583531500     
 -0.12774882074523944      -0.99180655311315657     
  -9.0751148796989742E-002 -0.99587360091129362     
  -5.1405911926429737E-002 -0.99867784205869514     
  -1.0720473816158673E-002 -0.99994253406941191     
   3.0245437727411405E-002 -0.99954250209617268     
   7.0420930646094546E-002 -0.99751736452401563     
  0.10876639247800783      -0.99406733769263333     
  0.14431247708914111      -0.98953216671131827     
  0.17619165611827503      -0.98435588092635451     
  0.20365987428990473      -0.97904170268902246     
  0.22610777357915512      -0.97410229171636664     
  0.24306282490444961      -0.97001054795783992     
  0.25418512220873235      -0.96715558399242663     
  0.25926029497198227      -0.96580748570874142     
  0.25819290505630249      -0.96609338253534638     
  0.25100289797299274      -0.96798633523886035     
  0.23782637761490971      -0.97130768251392430     
  0.21892043252789911      -0.97574271415255653     
  0.19467025172675453      -0.98086874406958346     
  0.16559561459948022      -0.98619373980238811     
  0.13235327048658097      -0.99120260885023193     
   9.5731905629872785E-002 -0.99540715400506996     
   5.6637362332152379E-002 -0.99839481628665150     
   1.6067388092296315E-002 -0.99987091118798510     
  -2.4922864528741154E-002 -0.99968937716856932     
  -6.5261531194140118E-002 -0.99786819397463322     
 -0.10390258849833284      -0.99458747835640182     
 -0.13986554207197732      -0.99017050559028064     
 -0.17226812609517225      -0.98505009655938713     
 -0.20034932266497341      -0.97972452705221502     
 -0.22348190789850542      -0.97470807775561397     
 -0.24117563747841964      -0.97048148456674732     
 -0.25307367858291313      -0.96744700795884031     
 -0.25894569779999804      -0.96589188090120737     
 -0.25868102591820352      -0.96596279784984773     
 -0.25228460729566382      -0.96765307673859680     
 -0.23987719226988050      -0.97080324094469250     
 -0.22169970512686965      -0.97511498847400502     
 -0.19812020683100948      -0.98017773064135572     
 -0.16964065908915130      -0.98550598515879062     
 -0.13690003941804321      -0.99058486724123651     
 -0.10067043573904298      -0.99491982760829090     
  -6.1843617700057439E-002 -0.99808585149263040     
  -2.1407125009609514E-002 -0.99977084124254345     
   1.9589163884985463E-002 -0.99980811391900959     
   6.0073143450651290E-002 -0.99819397785999364     
   9.8993060793591589E-002 -0.99508812369293020     
  0.13535783374058258      -0.99079677878213590     
  0.16827085193936125      -0.98574079776967816     
  0.19695434677892337      -0.98041266071225719     
  0.22076327897210010      -0.97532741920725607     
  0.23918962332681784      -0.97097287505510421     
  0.25185949769607302      -0.96776381076184170     
  0.25852648555486962      -0.96600416990127314     
  0.25906461558541094      -0.96585999241690468     
  0.25346383436419873      -0.96734486336021763     
  0.24182961528275393      -0.97031872968226029     
  0.22438684088216751      -0.97450015168747961     
  0.20148656416060634      -0.97949127840055517     
  0.17361298701866659      -0.98481395742467837     
  0.14138725229424409      -0.98995436505360379     
  0.10556462242688333      -0.99441244485971192     
   6.7022386050159491E-002 -0.99775147194486435     
   2.6737301981167295E-002 -0.99964249443626985     
  -1.4246714238819116E-002 -0.99989851041663091     
  -5.4858047430959470E-002 -0.99849416354431564     
  -9.4039907581588519E-002 -0.99556842847794558     
 -0.13079120421687465      -0.99140993584868808     
 -0.16420139873818171      -0.98642683492108252     
 -0.19347620691398315      -0.98110496755351184     
 -0.21795284344480534      -0.97595930142313014     
 -0.23710544857336086      -0.97148391971088499     
 -0.25054297219870802      -0.96810547931609059     
 -0.25800279112466368      -0.96614417131807151     
 -0.25934355251625296      -0.96578513229819885     
 -0.25454019831555946      -0.96706219419511774     
 -0.24368299304462684      -0.96985493703997416     
 -0.22698089639682020      -0.97389921073532859     
 -0.20476807706867764      -0.97881052028142612     
 -0.17751104662988454      -0.98411880803303564     
 -0.14581306905883554      -0.98931215947831308     
 -0.11041237721092041      -0.99388586213842156     
  -7.2171393792610075E-002 -0.99739224476533406     
  -3.2055542981442413E-002 -0.99948608902983982     
   8.8979000410729075E-003 -0.99996041290386040     
   4.9618541049236908E-002 -0.99876824157766708     
   8.9045254914829189E-002 -0.99602758123314694     
  0.12616754056847901      -0.99200894739256318     
  0.16006137050331654      -0.98710706494918776     
  0.18991620339621199      -0.98180030336498092     
  0.21505159700774248      -0.97660268821277552     
  0.23492381628269568      -0.97201378618987411     
  0.24912452950885153      -0.96847145998061990     
  0.25737478077268178      -0.96631165894974791     
  0.25951774842426018      -0.96573833839855527     
  0.25551335273513043      -0.96680552676019227     
  0.24543670848472718      -0.96941261706673854     
  0.22948096700148107      -0.97331314888070075     
  0.20796353890408531      -0.97813657864660652     
  0.18133332547524020      -0.98342169239451427     
  0.15017568552254279      -0.98865932629891995     
  0.11521164090740785      -0.99334096754308010     
   7.7288387146352985E-002 -0.99700877890433615     
   3.7359480161396723E-002 -0.99930189094290733     
  -3.5451101191595318E-003 -0.99999371607737764     
  -4.4356938653882801E-002 -0.99901574661926906     
  -8.4011255531088486E-002 -0.99646480567257878     
 -0.12148876405810038      -0.99259280684862672     
 -0.15585240982512233      -0.98778035329302949     
 -0.18627567658904132      -0.98249751771253591     
 -0.21206057461416522      -0.97725652348516456     
 -0.23264546676011044      -0.97256161079695636     
 -0.24760463206646943      -0.96886115939242212     
 -0.25664265425316735      -0.96650636211971686     
 -0.25958714821549345      -0.96571968628652660     
 -0.25638298543698901      -0.96657527631241258     
 -0.24709018077204228      -0.96899248839505436     
 -0.23188618649810744      -0.97274292416412100     
 -0.21107178293597084      -0.97747056346891104     
 -0.18507835064998110      -0.98272376796365446     
 -0.15447333398719520      -0.98799695803523624     
 -0.11996038466434981      -0.99277867931940467     
  -8.2371133520674281E-002 -0.99660172404151459     
  -4.2646755447612206E-002 -0.99909021326894776     
  -1.8092639630851396E-003 -0.99999836328061653     
   3.9075569531614389E-002 -0.99923625828218421     
   7.8940087656526992E-002 -0.99687936208990702     
  0.11675682933883992      -0.99316053224176248     
  0.15157619747647408      -0.98844557582022341     
  0.18255600684837092      -0.98319545582939794     
  0.20898085067404137      -0.97791973292880940     
  0.23027117784812740      -0.97312649982026289     
  0.24598377760004939      -0.96927394536199596     
  0.25580664494862637      -0.96672796607945888     
  0.25955172994924774      -0.96572920608230173     
  0.25714881826133545      -0.96637181522786486     
  0.24864286502105878      -0.96859523314649842     
  0.23419572689038134      -0.97218946790545202     
  0.21409168224694039      -0.97681357054080442     
  0.18874468897829150      -0.98202619230980193     
  0.15870428381605894      -0.98732616206521739     
  0.12465661094292564      -0.99219994423917601     
   8.7417422857382410E-002 -0.99617176941578378     
   4.7915022122409091E-002 -0.99885141570456271     
   7.1628295509346927E-003 -0.99997434660736384     
  -3.3776776382942818E-002 -0.99942940189749108     
  -7.3833953762962728E-002 -0.99727054868362008     
 -0.11197372359572921      -0.99371116790750980     
 -0.14723445196512011      -0.98910162074204022     
 -0.17875861443727495      -0.98389296052185760     
 -0.20581353922495410      -0.97859122572793300     
 -0.22780176521769185      -0.97370753091660101     
 -0.24426249940366782      -0.96970914782994244     
 -0.25486702002794392      -0.96697611247748805     
 -0.25941150482236375      -0.96576688241303699     
 -0.25781060689032043      -0.96619547244584247     
 -0.25009425200362778      -0.96822149589582340     
 -0.23640879810326579      -0.97165368325312762     
 -0.21702214959714536      -0.97616667971419424     
 -0.19233094715489726      -0.98133012119597152     
 -0.16286684195094714      -0.98664805872860517     
 -0.12929835444645291      -0.99160573593411583     
  -9.2425068931495866E-002 -0.99571964258671142     
  -5.3161946381963629E-002 -0.99858590389454283     
  -1.2513194546449714E-002 -0.99992170691621785     
   2.8462913771816228E-002 -0.99959484919622221     
   6.8695079281066829E-002 -0.99763770281729425     
  0.10714146563393127      -0.99424378617209030     
  0.14282892903369668      -0.98974739051491678     
  0.17488495939846962      -0.98458887408714690     
  0.20255979407696312      -0.97926989631229766     
  0.22523808265162817      -0.97430375454650608     
  0.24244136662272009      -0.97016605988362004     
  0.25382408062434703      -0.96725039989405281     
  0.25916651717723688      -0.96583265443565380     
  0.25836814068338426      -0.96604653297851595     
  0.25144386786888639      -0.96787188269477797     
  0.23852464769406628      -0.97113644378244890     
  0.21986213726156714      -0.97553095317307892     
  0.19583577184385617      -0.98063670666884639     
  0.16695935337674853      -0.98596377941586577     
  0.13388368299620204      -0.99099705318803677     
   9.7391910608462626E-002 -0.99524610813006109     
   5.8385208869517237E-002 -0.99829412869417544     
   1.7857969055060305E-002 -0.99984053375587278     
  -2.3136346552310710E-002 -0.99973231890752201     
  -6.3525711271409907E-002 -0.99798020221217887     
 -0.10226210491423846      -0.99475748898840133     
 -0.13836142110671085      -0.99038180372487228     
 -0.17093654138280284      -0.98528204024029853     
 -0.19922080892910596      -0.97995462613818640     
 -0.22258102231800270      -0.97491419545715552     
 -0.24052098454641177      -0.97064393883278577     
 -0.25267816203213961      -0.96755038444106867     
 -0.25881684453347820      -0.96592641592707951     
 -0.25882124253309829      -0.96592523748664061     
 -0.25269127387307816      -0.96754696015666397     
 -0.24054256055733680      -0.97063859214463544     
 -0.22261063684285182      -0.97490743374149114     
 -0.19925784973634750      -0.97994709516302314     
 -0.17098020153417262      -0.98527446464593493     
 -0.13841069835355402      -0.99037491819072310     
 -0.10231581305609029      -0.99475196627032170     
  -6.3582506180860726E-002 -0.99797658535045841     
  -2.3194767027819526E-002 -0.99973096520140114     
   1.7799448275331718E-002 -0.99984157727166645     
   5.8328117055434878E-002 -0.99829746606949143     
   9.7337720536672140E-002 -0.99525140952461089     
  0.13383375668396061      -0.99100379695128238     
  0.16691489943213433      -0.98597130604676342     
  0.19579781745526054      -0.98064428549793548     
  0.21983151503100667      -0.97553785421129213     
  0.23850199490502247      -0.97114200734306855     
  0.25142963392101186      -0.96787558042671273     
  0.25836259764304131      -0.96604801544185159     
  0.25916976874236847      -0.96583178192169017     
  0.25383606612102283      -0.96724725460256733     
  0.24246185862593245      -0.97016093876823262     
  0.22526667906207484      -0.97429714322907879     
  0.20259590756937651      -0.97926242562253996     
  0.17492780868166852      -0.98458126213625941     
  0.14287753698817279      -0.98974037475703358     
  0.10719466890952863      -0.99423805145316002     
   6.8751552339381641E-002 -0.99763381260406625     
   2.8521207896111379E-002 -0.99959318760190974     
  -1.2454599578361565E-002 -0.99992243846677564     
  -5.3104582808574073E-002 -0.99858895611994791     
  -9.2370420173165810E-002 -0.99572471370205173     
 -0.12924779968002842      -0.99161232660645726     
 -0.16282161171509996      -0.98665552385748956     
 -0.19229209335714703      -0.98133773535532931     
 -0.21699053049695630      -0.97617370876020293     
 -0.23638507616987703      -0.97165945462603376     
 -0.25007890056660570      -0.96822546108403784     
 -0.25780392056849177      -0.96619725653694277     
 -0.25941360892373128      -0.96576631723474671     
 -0.25487787532088285      -0.96697325127012301     
 -0.24428190057046034      -0.96970426061438120     
 -0.22782933352983115      -0.97370108081656814     
 -0.20584871210739630      -0.97858382764264318     
 -0.17880063620761724      -0.98388532486858005     
 -0.14728237079203702      -0.98909448651474996     
 -0.11202639938780574      -0.99370523086084428     
  -7.3890080238068437E-002 -0.99726639171407550     
  -3.3834918195620345E-002 -0.99942743524014577     
   7.1041865613551067E-003 -0.99997476494824677     
   4.7857412117869542E-002 -0.99885417759820194     
   8.7362338950490850E-002 -0.99617660167918998     
  0.12460544870965647      -0.99220637074746965     
  0.15865829521438130      -0.98733355324311056     
  0.18870495038231125      -0.98203382920407045     
  0.21405907754300055      -0.97682071605870424     
  0.23417094385388942      -0.97219543768451133     
  0.24862640109590217      -0.96859945936289871     
  0.25714099078395641      -0.96637389806360419     
  0.25955268592133551      -0.96572894915241125     
  0.25581636655376760      -0.96672539358559750     
  0.24600208149932556      -0.96926929998736633     
  0.23029770850005787      -0.97312022148325661     
  0.20901507008893322      -0.97791241963466147     
  0.18259718489404292      -0.98318780915386184     
  0.15162340773935346      -0.98843833506471501     
  0.11680895536059231      -0.99315440287377632     
   7.8995843045990374E-002 -0.99687494540762400     
   3.9133533176414242E-002 -0.99923398990483225     
  -1.7505991519323402E-003 -0.99999846770013068     
  -4.2588924506578411E-002 -0.99909268014002228     
  -8.2315638284751746E-002 -0.99660630927853044     
 -0.11990863631898201      -0.99278493085668973     
 -0.15442660536423627      -0.98800426292383903     
 -0.18503774230500306      -0.98273141494645788     
 -0.21103820432612816      -0.97747781371998588     
 -0.23186035081048076      -0.97274908261177029     
 -0.24707260974588968      -0.96899696878439989     
 -0.25637401929815856      -0.96657765452596067     
 -0.25958695575607132      -0.96571973801993682     
 -0.25665123905961085      -0.96650408249999986     
 -0.24762183266150939      -0.96885676340177107     
 -0.23267095060900250      -0.97255551447858390     
 -0.21209382814037686      -0.97724930701677160     
 -0.18631599513322450      -0.98248987269972221     
 -0.15589889249254824      -0.98777301811681251     
 -0.12154031836403863      -0.99258649548136013     
  -8.4066615576897930E-002 -0.99646013675683287     
  -4.4414698396040529E-002 -0.99901318037670994     
  -3.6037705369404600E-003 -0.99999350639787510     
   3.7301453928369463E-002 -0.99930405860019889     
   7.7232504668949778E-002 -0.99701310935341303     
  0.11515932816278900      -0.99334703358750465     
  0.15012823563719055      -0.98866653269161697     
  0.18129186286794718      -0.98342933678931377     
  0.20792899852007696      -0.97814392170806741     
  0.22945408752861762      -0.97331948594303275     
  0.24541803613386046      -0.96941734435701077     
  0.25550325079880570      -0.96680819650603012     
  0.25951640759416722      -0.96573869871172613     
  0.25738222604063460      -0.96630967588986072     
  0.24914062115414135      -0.96846732050747519     
  0.23494824460173630      -0.97200788183973219     
  0.21508387265915593      -0.97659558043334393     
  0.18995564709871593      -0.98179267268365178     
  0.16010710695469987      -0.98709964760534497     
  0.12621850156470371      -0.99200246464550723     
   8.9100195617725739E-002 -0.99602266798546457     
   4.9676071292600037E-002 -0.99876538182945274     
   8.9565298535628952E-003 -0.99995988948206427     
  -3.1997347233825670E-002 -0.99948795378933808     
  -7.2115148415277358E-002 -0.99739631309176324     
 -0.11035952212810833      -0.99389173247172935     
 -0.14576491707893743      -0.98931925532103659     
 -0.17746874568309354      -0.98412643715412373     
 -0.20473258747776887      -0.97881794406552325     
 -0.22695298242167064      -0.97390571605772436     
 -0.24366322553758801      -0.96985990355340423     
 -0.25452896381746987      -0.96706515115477365     
 -0.25934106373944088      -0.96578580060927344     
 -0.25800909448359788      -0.96614248802324898     
 -0.25055794963685352      -0.96810160307365256     
 -0.23712881304860062      -0.97147821695710801     
 -0.21798412966857858      -0.97595231400547044     
 -0.19351476087240524      -0.98109736383525958     
 -0.16424637076894674      -0.98641934778735441     
 -0.13084155067077222      -0.99140329262014648     
  -9.4094405214923474E-002 -0.99556327920793153     
  -5.4915322734835438E-002 -0.99849101514682093     
  -1.4305287255171332E-002 -0.99989767414298303     
   2.6678962612069982E-002 -0.99964405312788396     
   6.6965802353965057E-002 -0.99775527125397323     
  0.10551124740467623      -0.99441810958525345     
  0.14133841779064749      -0.98996133846551626     
  0.17356986408953390      -0.98482155859827758     
  0.20145013836692247      -0.97949877067403601     
  0.22435790210775178      -0.97450681463076927     
  0.24180875918353950      -0.97032392734700557     
  0.25345147091396775      -0.96734810274871896     
  0.25906097964924735      -0.96586096764657192     
  0.25853164500190373      -0.96600278909152726     
  0.25187335605481920      -0.96776020403283902     
  0.23921191605394651      -0.97096738318946618     
  0.22079356464665917      -0.97532056361517450     
  0.19699199652935637      -0.98040509653070351     
  0.16831504176556342      -0.98573325332741857     
  0.13540754478993403      -0.99078998623016068     
   9.9047091916691962E-002 -0.99508274710339861     
   6.0130138546357792E-002 -0.99819054615759406     
   1.9647653953430988E-002 -0.99980696621604226     
  -2.1348668010421921E-002 -0.99977209121588351     
  -6.1786720490658087E-002 -0.99808937534221320     
 -0.10061656350293902      -0.99492527716852130     
 -0.13685054235805028      -0.99059170653519379     
 -0.16959673096688069      -0.98551354574422134     
 -0.19808285827653693      -0.98018527904524122     
 -0.22166975167916214      -0.97512179813113531     
 -0.23985525454119241      -0.97080866130714949     
 -0.25227111887912612      -0.96765659331163234     
 -0.25867624397403238      -0.96596407842294363     
 -0.25894971169851089      -0.96589080480728151     
 -0.25308641337228749      -0.96744367658605923     
 -0.24119685095949539      -0.97047621253033445     
 -0.22351118233129041      -0.97470136522571293     
 -0.20038605418228092      -0.97971701490239316     
 -0.17231151635755720      -0.98504250737242771     
 -0.13991459723347574      -0.99016357511322051     
 -0.10395612996935473      -0.99458188352784438     
  -6.5318221001226140E-002 -0.99786448479001144     
  -2.4981245554517376E-002 -0.99968791998830564     
   1.6008839535075481E-002 -0.99987185031719950     
   5.6580176624447337E-002 -0.99839805869860665     
   9.5677559220469638E-002 -0.99541237919849757     
  0.13230313122681248      -0.99120930255298800     
  0.16555089850251758      -0.98620124721326996     
  0.19463199429198533      -0.98087633613923253     
  0.21888947495855426      -0.97574965936574554     
  0.23780336562143922      -0.97131331675166288     
  0.25098828895469150      -0.96799012330064416     
  0.25818697862025886      -0.96609496638319259     
  0.25926316205046734      -0.96580671606879664     
  0.25419672931833143      -0.96715253336992446     
  0.24308295204460603      -0.97000550432731036     
  0.22613602650414558      -0.97409573324027876     
  0.20369567398758631      -0.97903425496697660     
  0.17623422988579024      -0.98434825961981687     
  0.14436085626631576      -0.98952510992801801     
  0.10881942146626178      -0.99406153406705566     
   7.0477290288204417E-002 -0.99751338414761748     
   3.0303683690578911E-002 -0.99954073791656006     
  -1.0661859835855896E-002 -0.99994316075707046     
  -5.1348462928820456E-002 -0.99868079752984518     
  -9.0696351557836813E-002 -0.99587859290884306     
 -0.12769806002390638      -0.99181308998527073     
 -0.16143395791125745      -0.98688351756076376     
 -0.19109883353651685      -0.98157080020800469     
 -0.21601805473940536      -0.97638936906676899     
 -0.23565378327699157      -0.97183707195560343     
 -0.24960339706902876      -0.96834815235616611     
 -0.25759333883633523      -0.96625342006491699     
 -0.25947189681574950      -0.96575065869138144     
 -0.25520394614642050      -0.96688724568653550     
 -0.24486959022568294      -0.96955602405570462     
 -0.22866717975571282      -0.97350465890131643     
 -0.20691963611503225      -0.97835794277453625     
 -0.18008165691477757      -0.98365166438268603     
 -0.14874450580288676      -0.98887566053243270     
 -0.11363489744778373      -0.99352257653363452     
  -7.5605085941129940E-002 -0.99713783950857782     
  -3.5612597639401083E-002 -0.99936567025757606     
   5.3101164781747031E-003 -0.99998590123210651     
   4.6093888497933867E-002 -0.99893711185596668     
   8.5675084585142058E-002 -0.99632313025510388     
  0.12303723882483296      -0.99240205454360131     
  0.15724753910607292      -0.98755921920919965     
  0.18748470317703275      -0.98226752266102124     
  0.21305651300839032      -0.97703987752020927     
  0.23340723550262760      -0.97237907341479790     
  0.24811689408713761      -0.96873010011486282     
  0.25689551332104105      -0.96643918341275814     
  0.25957584996295807      -0.96572272320579056     
  0.25610774040932571      -0.96664824279694905     
  0.24655617275690411      -0.96912850214791824     
  0.23110376323387122      -0.97292910873256477     
  0.21005676068310700      -0.97768919258183473     
  0.18385231148045225      -0.98295387865519646     
  0.15306376604894636      -0.98821631413517630     
  0.11840051895112738      -0.99296591941118695     
   8.0699368232953303E-002 -0.99673848725069414     
   4.0905625929138358E-002 -0.99916301461140233     
   4.3999694652269100E-005 -0.99999999903201342     
  -4.0818777860730390E-002 -0.99916656638117973     
  -8.0615928260610301E-002 -0.99674523932180392     
 -0.11832261136673815      -0.99297520595398348     
 -0.15299331031870322      -0.98822722437591493     
 -0.18379097039207604      -0.98296534995000662     
 -0.21000591114724831      -0.97770011623360975     
 -0.23106448773306232      -0.97293843716273098     
 -0.24652926607340594      -0.96913534708486815     
 -0.25609372435380579      -0.96665195615929778     
 -0.25957498862428346      -0.96572295472392244     
 -0.25690782275075008      -0.96643591127889550     
 -0.24814214293437939      -0.96872363287984986     
 -0.23344493637841746      -0.97237002302584208     
 -0.21310590766230633      -0.97702910505236462     
 -0.18754474729132228      -0.98225606018157707     
 -0.15731689408956873      -0.98754817342447221     
 -0.12311427800887584      -0.99239250024894543     
  -8.5757919531139870E-002 -0.99631600370449258     
  -4.6180417925034634E-002 -0.99893311537873708     
  -5.3980962055222639E-003 -0.99998543017253805     
   3.5525469465546300E-002 -0.99936877128478085     
   7.5521077202788056E-002 -0.99714420566843320     
  0.11355615420763707      -0.99353157969013317     
  0.14867297766908594      -0.98888641699186441     
  0.18001904230006260      -0.98366312546997936     
  0.20686735011175350      -0.97836899964059632     
  0.22862634313617430      -0.97351425013924697     
  0.24484103456541895      -0.96956323558236024     
  0.25518822794606810      -0.96689139427225512     
  0.25946931307201698      -0.96575135287191582     
  0.25760393771496115      -0.96625059444936245     
  0.24962697980577814      -0.96834207331554356     
  0.23568989664394013      -0.97182831437449324     
  0.21606597674855618      -0.97637876548586022     
  0.19115755788456945      -0.98155936553201273     
  0.16150218442373834      -0.98687235467732137     
  0.12777419859533151      -0.99180328401015128     
   9.0778545612262215E-002 -0.99587110393691136     
   5.1434635395119353E-002 -0.99867636313360852     
   1.0749780590873540E-002 -0.99994221943932748     
  -3.0216314137957310E-002 -0.99954338293038403     
  -7.0392749418064809E-002 -0.99751935361143018     
 -0.10873987583213711      -0.99407023866727418     
 -0.14428828468271149      -0.98953569460799184     
 -0.17617036584587181      -0.98435969147346325     
 -0.20364197058541916      -0.97904542683988227     
 -0.22609364289926975      -0.97410557160943156     
 -0.24305275685703850      -0.97001307072853060     
 -0.25417931401280763      -0.96715711046756958     
 -0.25925885671874532      -0.96580787179070404     
 -0.25819586357558200      -0.96609259185259233     
 -0.25101019788738677      -0.96798444231120517     
 -0.23783787921342181      -0.97130486625531831     
 -0.21893590720907344      -0.97573924207983964     
 -0.19468937673875911      -0.98086494818862480     
 -0.16561796944613269      -0.98618998585289841     
 -0.13237833751991729      -0.99119926137758141     
  -9.5759076933758805E-002 -0.99540454046824323     
  -5.6665954051944162E-002 -0.99839319391279058     
  -1.6096662047986449E-002 -0.99987044034260408     
   2.4893673514713308E-002 -0.99969010449185847     
   6.5233184985393614E-002 -0.99787004743937546     
  0.10387581570423116      -0.99459027489302376     
  0.13984101175515654      -0.99017397028567367     
  0.17224642764402084      -0.98505389099473795     
  0.20033095310560345      -0.97972828336626094     
  0.22346726650603627      -0.97471143463094767     
  0.24116502628888187      -0.97048412150590224     
  0.25306730656321874      -0.96744867478788654     
  0.25894368614122831      -0.96589242020402721     
  0.25868341218457241      -0.96596215881397063     
  0.25229134689046795      -0.96765131957962713     
  0.23988815670491825      -0.97080053166070968     
  0.22171467770300060      -0.97511158422564881     
  0.19813887734494082      -0.98017395664467977     
  0.16966261987684200      -0.98550220467360006     
  0.13692478526706969      -0.99058144701966167     
  0.10069736986098711      -0.99491710192511995     
   6.1872065067513124E-002 -0.99808408842355634     
   2.1436353079021305E-002 -0.99977021498275864     
  -1.9559918456697068E-002 -0.99980868649455501     
  -6.0044644700236134E-002 -0.99819569255873986     
  -9.8966043267906353E-002 -0.99509081107198194     
 -0.13533297556321058      -0.99080017446769131     
 -0.16824875377675355      -0.98574456978091918     
 -0.19693551815972046      -0.98041644299101915     
 -0.22074813200180443      -0.97533084756800037     
 -0.23917847254423588      -0.97097562187286979     
 -0.25185256390936472      -0.96776561524590210     
 -0.25852390112781831      -0.96600486155384024     
 -0.25906642884230230      -0.96585950606022219     
 -0.25347001145870257      -0.96734324481598832     
 -0.24184003887362995      -0.97031613178262743     
 -0.22440130607918210      -0.97449682084138034     
 -0.20150477323802085      -0.97948753252008969     
 -0.17363454513992982      -0.98481015669724370     
 -0.14141166678223452      -0.98995087782064739     
 -0.10559130784785697      -0.99440961163243946     
  -6.7050676558657374E-002 -0.99774957117155716     
  -2.6766471128567546E-002 -0.99964171382717093     
   1.4217427443922096E-002 -0.99989892727059004     
   5.4829408679907141E-002 -0.99849573656766899     
   9.4012656896495003E-002 -0.99557100216070071     
  0.13076602842217838      -0.99141325682617842     
  0.16417890954549733      -0.98643057822659341     
  0.19345692624931832      -0.98110876954910853     
  0.21793719624472091      -0.97596279565001354     
  0.23709376194836865      -0.97148677193524891     
  0.25053547889153704      -0.96810741853194582     
  0.25799963474914384      -0.96614501420299659     
  0.25934479218949186      -0.96578479940625972     
  0.25454581091839640      -0.96706071688591300     
  0.24369287231163514      -0.96985245474995063     
  0.22699484915347487      -0.97389595874394674     
  0.20478581799038284      -0.97880680869618486     
  0.17753219369188816      -0.98411499338387576     
  0.14583714220375371      -0.98930861107838441     
  0.11043880256949355      -0.99388292614724816     
   7.2199515040213505E-002 -0.99739020951078017     
   3.2084640211503965E-002 -0.99948515539876748     
  -8.8685849556489251E-003 -0.99996067332714866     
  -4.9589774932628637E-002 -0.99876967025542540     
  -8.9017782791865410E-002 -0.99603003686978253     
 -0.12614205758910743      -0.99201218808399039     
 -0.16003849917426458      -0.98711077330867425     
 -0.18989647791984124      -0.98180411879032126     
 -0.21503545514042371      -0.97660624257299877     
 -0.23491159776912465      -0.97201673917353759     
 -0.24911647911892179      -0.96847353078511744     
 -0.25737105345164157      -0.96631265170502256     
 -0.25951841412165688      -0.96573815950897379     
 -0.25551839904302942      -0.96680419307659560     
 -0.24544604014750074      -0.96941025442065110     
 -0.22949440246799754      -0.97330998106248601     
 -0.20798080516981560      -0.97813290747265791     
 -0.18135405330118629      -0.98341787016061000     
 -0.15019940754060770      -0.98865572267319146     
 -0.11523779500554691      -0.99333793373768808     
  -7.7316326843481997E-002 -0.99700661261770573     
  -3.7388492528005184E-002 -0.99930080587703085     
   3.5157798387552416E-003 -0.99999381962696421     
   4.4328057892737444E-002 -0.99901702852526897     
   8.3983573834726377E-002 -0.99646713910993923     
  0.12146298451186362      -0.99259596180594589     
  0.15582916546370967      -0.98778402051809067     
  0.18625551375396635      -0.98250134025162839     
  0.21204394385780931      -0.97726013214150209     
  0.23263272051662495      -0.97256465972450068     
  0.24759602722406646      -0.96886335842721361     
  0.25663835717338429      -0.96650750314073941     
  0.25958723972656417      -0.96571966168818546     
  0.25638746383361694      -0.96657408841172943     
  0.24709896174792803      -0.96899024923014365     
  0.23189910003472999      -0.97273984569517979     
  0.21108856826388581      -0.97746693874949186     
  0.18509865128024949      -0.98271994448786504     
  0.15449669529615156      -0.98799330521141093     
  0.11998625647293543      -0.99277555281020646     
   8.2398879497567551E-002 -0.99659943039194310     
   4.2675670062576582E-002 -0.99908897861237067     
   1.8385963324607918E-003 -0.99999830978033466     
  -3.9046586924612388E-002 -0.99923739123870792     
  -7.8912208387487817E-002 -0.99688156937893568     
 -0.11673076402415247      -0.99316359615641248     
 -0.15155258939469424      -0.98844919578487356     
 -0.18253541432648365      -0.98319927914775185     
 -0.20896373702349133      -0.97792338994891470     
 -0.23025790823983688      -0.97312963971560074     
 -0.24597462112953114      -0.96927626905861242     
 -0.25580177948151789      -0.96672925352142358     
 -0.25955124724506468      -0.96572933581492248     
 -0.25715272731623717      -0.96637077503089930     
 -0.24865109242352107      -0.96859312109708351     
 -0.23420811406586825      -0.97218648381146977     
 -0.21410798057295774      -0.97680999823659154     
 -0.18876455467133596      -0.98202237393031544     
 -0.15872727503815462      -0.98732246614718644     
 -0.12468218960698564      -0.99219673028830713     
  -8.7444963071337770E-002 -0.99616935228577097     
  -4.7943826164060330E-002 -0.99885003355496282     
  -7.1921509018341443E-003 -0.99997413614823316     
   3.3747704798000627E-002 -0.99943038397922790     
   7.3805889051286114E-002 -0.99727262608644240     
  0.11194738348675978      -0.99371413561973065     
  0.14721048968035746      -0.98910518739316566     
  0.17873760011877551      -0.98389677827695965     
  0.20579594889256533      -0.97859492509383506     
  0.22778797681772692      -0.97371075665070406     
  0.24425279432500815      -0.96971159241520122     
  0.25486158773048900      -0.96697754425813542     
  0.25941044805553420      -0.96576716626712211     
  0.25781394535796254      -0.96619458163403171     
  0.25010192314069002      -0.96821951438779030     
  0.23642065469332707      -0.97165079840155466     
  0.21703795507412024      -0.97616316569375028     
  0.19235037038790118      -0.98132631423580874     
  0.16288945391562043      -0.98664432588601603     
  0.12932362929010538      -0.99160243994618902     
   9.2452391473877724E-002 -0.99571710606515185     
   5.3190627103624308E-002 -0.99858437659935539     
   1.2542491779013008E-002 -0.99992133985627762     
  -2.8433766137527235E-002 -0.99959567873377508     
  -6.8666841378943272E-002 -0.99763964681393802     
 -0.10711486187546178      -0.99424665268000811     
 -0.14280462226584192      -0.98975089788264914     
 -0.17486353139104815      -0.98459267993899480     
 -0.20254173349332100      -0.97927363193007522     
 -0.22522378024266743      -0.97430706084540031     
 -0.24243111615309423      -0.97016862138535742     
 -0.25381808324011362      -0.96725197369677918     
 -0.25916488668201204      -0.96583309195279687     
 -0.25837090750230851      -0.96604579299142623     
 -0.25145098024162227      -0.96787003494039803     
 -0.23853596967976171      -0.97113366287495961     
 -0.21987744425833092      -0.97552750320348458     
 -0.19585474531315908      -0.98063291742543379     
 -0.16698157712302925      -0.98596001587361837     
 -0.13390864352730558      -0.99099368070067784     
  -9.7419003711465835E-002 -0.99524345650492241     
  -5.8413753607826649E-002 -0.99829245884632634     
  -1.7887229086026177E-002 -0.99984001071952711     
   2.3107135849268781E-002 -0.99973299449045061     
   6.3497312545788470E-002 -0.99798200950691618     
  0.10223524881623677      -0.99476024945686392     
  0.13833677977498440      -0.99038524593285793     
  0.17091470801057568      -0.98528582786197616     
  0.19920228474358176      -0.97995839184780542     
  0.22256621089373849      -0.97491757691017344     
  0.24051019210181385      -0.97064661308591016     
  0.25267160149241236      -0.96755209771839135     
  0.25881464082599170      -0.96592700640064566     
  0.25882343682518999      -0.96592464951982504     
  0.25269782517416223      -0.96754524914974827     
  0.24055334412344684      -0.97063591970987073     
  0.22262543994312420      -0.97490405347917719     
  0.19927636635765258      -0.97994332989785216     
  0.17100202831280273      -0.98527067667362733     
  0.13843533426806370      -0.99037147486490618     
  0.10234266509925202      -0.99474920402098455     
   6.3610902363941402E-002 -0.99797477578365934     
   2.3223976799504675E-002 -0.99973028707827793     
  -1.7770187527352800E-002 -0.99984209775106125     
  -5.8299569980416577E-002 -0.99829913359678846     
  -9.7310623568582444E-002 -0.99525405929375321     
 -0.13380879090344122      -0.99100716822682933     
 -0.16689266923432611      -0.98597506913503741     
 -0.19577883653639316      -0.98064807508323604     
 -0.21981619979753525      -0.97554130527957150     
 -0.23849066410190325      -0.97114478999592702     
 -0.25142251234601193      -0.96787743040408758     
 -0.25835982142167557      -0.96604875791802558     
 -0.25917138981224441      -0.96583134692491202     
 -0.25384205423334966      -0.96724568311396109     
 -0.24247210015931428      -0.97015837915483238     
 -0.22528097306326136      -0.97429383821087057     
 -0.20261396047774902      -0.97925869055092951     
 -0.17494922995694662      -0.98457745603759961     
 -0.14290183817419916      -0.98973686636723546     
 -0.10722126842597798      -0.99423518324243809     
  -6.8779787494830921E-002 -0.99763186638768009     
  -2.8550354385338653E-002 -0.99959235554523507     
   1.2425301843621794E-002 -0.99992280295735569     
   5.3075899957605130E-002 -0.99859048105000991     
   9.2343093957923811E-002 -0.99572724829557524     
  0.12922251975788607      -0.99161562129053960     
  0.16279899344446386      -0.98665925614341110     
  0.19227266279283906      -0.98134154255414618     
  0.21697471687408013      -0.97617722378542149     
  0.23637321082679080      -0.97166234114708461     
  0.25007122026679585      -0.96822744476402633     
  0.25780057271436907      -0.96619814981614582     
  0.25941465625824939      -0.96576603591056898     
  0.25488329831626233      -0.96697182184354435     
  0.24429159665840036      -0.96970181798431698     
  0.22784311344171870      -0.97369785645095475     
  0.20586629465706413      -0.97858012892362112     
  0.17882164365897388      -0.98388150697078502     
  0.14730632733360824      -0.98909091893894363     
  0.11205273507024428      -0.99370226152669983     
   7.3918142000762452E-002 -0.99726431214756461     
   3.3863988422579948E-002 -0.99942645066463764     
  -7.0748649234610335E-003 -0.99997497282997783     
  -4.7828606155746148E-002 -0.99885555734210063     
  -8.7334795258269315E-002 -0.99617901681233789     
 -0.12457986514108801      -0.99220958330456999     
 -0.15863529783534977      -0.98733724850260252     
 -0.18868507747982693      -0.98203764771847302     
 -0.21404277116542902      -0.97682428927203879     
 -0.23415854799313798      -0.97219842336929618     
 -0.24861816457336949      -0.96860157352967835     
 -0.25713707236155398      -0.96637494070227681     
 -0.25955315918923128      -0.96572882195515397     
 -0.25582122269170698      -0.96672410853382573     
 -0.24601122892790239      -0.96926697830957964     
 -0.23031096954342353      -0.97311708304189592     
 -0.20903217585290235      -0.97790876336098009     
 -0.18261777041735430      -0.98318398579706046     
 -0.15164700991988203      -0.98843471427422014     
 -0.11683501606699886      -0.99315133742074990     
  -7.9023719165686845E-002 -0.99687273601459414     
  -3.9162514213440018E-002 -0.99923285448411980     
   1.7212667109416542E-003 -0.99999851861935762     
   4.2560008181278315E-002 -0.99909391235439404     
   8.2287889026445071E-002 -0.99660860086574177     
  0.11988275978285114      -0.99278805588446073     
  0.15440323805079642      -0.98800791498825002     
