  0.25268471949238275      -0.96754867192046512     
  0.24068574794080747      -0.97060309639840636     
  0.22320319259757643      -0.97477193989889199     
  0.20073045933825512      -0.97964650905000072     
  0.17387310417646232      -0.98476806591402077     
  0.14334443210785336      -0.98967286200222593     
  0.10995446593927495      -0.99393662545456529     
   7.4591063035275559E-002 -0.99721420633446034     
   3.8193480647543306E-002 -0.99927036283281501     
   1.7202042921206078E-003 -0.99999852044750215     
  -3.3885983287082838E-002 -0.99942570516105278     
  -6.7732165784735954E-002 -0.99770353999477668     
  -9.9005337292041681E-002 -0.99508690232948449     
 -0.12699579868953045      -0.99190325491713571     
 -0.15111262301485542      -0.98851655280302220     
 -0.17089125771521010      -0.98528989543002710     
 -0.18599448556268233      -0.98255078817345276     
 -0.19620870271263371      -0.98056215763195009     
 -0.20143769684203736      -0.97950132939724766     
 -0.20169584943441057      -0.97944820400107513     
 -0.19710206700719457      -0.98038297373092487     
 -0.18787494087017903      -0.98219295792274275     
 -0.17432882906671451      -0.98468749324657734     
 -0.15686991141201956      -0.98761927426189144     
 -0.13599090914552991      -0.99071008505504388     
 -0.11226314605260181      -0.99367851241655225     
  -8.6324952311402484E-002 -0.99626703378583903     
  -5.8866003070168031E-002 -0.99826589327821025     
  -3.0607912675566652E-002 -0.99953146807974225     
  -2.2821136215944167E-003 -0.99999739597531856     
   2.5393418049245279E-002 -0.99967753516810420     
   5.1736785455342681E-002 -0.99866075572776358     
   7.6122425718237158E-002 -0.99709847873857049     
   9.7997668980116581E-002 -0.99518664424039749     
  0.11689485911481320      -0.99314429561495643     
  0.13243893875555623      -0.99119116597218626     
  0.14435096843710102      -0.98952655240335574     
  0.15244843414554990      -0.98831142608318046     
  0.15664334708074290      -0.98765523428742175     
  0.15693905799902425      -0.98760828878375606     
  0.15342644712099474      -0.98816007069898781     
  0.14627978996107191      -0.98924325777280109     
  0.13575223037605322      -0.99074281826714594     
  0.12217049767489051      -0.99250912816853709     
  0.10592834598378166      -0.99437376550125267     
   8.7478201265370731E-002 -0.99616643403769400     
   6.7320669303977010E-002 -0.99773139044758163     
   4.5991848097985934E-002 -0.99894181507659985     
   2.4048736629610587E-002 -0.99971078731127017     
   2.0533632578909420E-003 -0.99999789184744337     
  -1.9443499858211817E-002 -0.99981095728805836     
  -3.9918064934080739E-002 -0.99920295640671442     
  -5.8887779373099074E-002 -0.99826460892916824     
  -7.5923370273557431E-002 -0.99711365543066566     
  -9.0658238328319846E-002 -0.99588206320989914     
 -0.10279507267574396      -0.99470255505532335     
 -0.11210984217903960      -0.99369582030246606     
 -0.11845352096800431      -0.99295959805537026     
 -0.12175200013570034      -0.99256055254223985     
 -0.12200462230631108      -0.99252953212279504     
 -0.11928167316098805      -0.99286045467019945     
 -0.11372101113482173      -0.99351272343461905     
 -0.10552385676668179      -0.99441677160689768     
  -9.4949636986817951E-002 -0.99548207740575190     
  -8.2309716770771910E-002 -0.99660679835385191     
  -6.7959865253589088E-002 -0.99768805581439834     
  -5.2291392223641465E-002 -0.99863186925879410     
  -3.5721034411636314E-002 -0.99936180020078946     
  -1.8679838077447417E-002 -0.99982551660247221     
  -1.6014392837992108E-003 -0.99999871769528803     
   1.5089746712219874E-002 -0.99988614329040537     
   3.0989872730783755E-002 -0.99951969854932310     
   4.5726021413658675E-002 -0.99895401844413123     
   5.8965157800624661E-002 -0.99826004135473012     
   7.0421392765714116E-002 -0.99751733190002123     
   7.9861437259589871E-002 -0.99680597452003294     
   8.7108274063550636E-002 -0.99619884992388408     
   9.2043183804652179E-002 -0.99575501621387930     
   9.4606322010797550E-002 -0.99551476324341337     
   9.4796052606066356E-002 -0.99549671441462217     
   9.2667209890053351E-002 -0.99569713678969307     
   8.8328402776533518E-002 -0.99609140808609853     
   8.1938412243408185E-002 -0.99663739474245561     
   7.3701684703012721E-002 -0.99728033254042348     
   6.3862904418939812E-002 -0.99795868122842513     
   5.2700643655268116E-002 -0.99861035552327437     
   4.0520137940002351E-002 -0.99917872196185364     
   2.7645305997516599E-002 -0.99961779548800733     
   1.4410214600896887E-002 -0.99989616746698062     
   1.1502609522547444E-003 -0.99999933844965205     
  -1.1806605855745554E-002 -0.99993029960001067     
  -2.4148287299486090E-002 -0.99970838759135228     
  -3.5586245989129101E-002 -0.99936660895609331     
  -4.5862262153660842E-002 -0.99894777286410164     
  -5.4754049777191484E-002 -0.99849987182422650     
  -6.2079630728453163E-002 -0.99807119958879631     
  -6.7700444642495028E-002 -0.99770569297524225     
  -7.1523235262532708E-002 -0.99743893387895199     
  -7.3500793835327802E-002 -0.99729515856920548     
  -7.3631655906440274E-002 -0.99728550538372696     
  -7.1958843530626676E-002 -0.99740760215557556     
  -6.8567728233985561E-002 -0.99764646375598920     
  -6.3583070426054614E-002 -0.99797654940143532     
  -5.7165277230527736E-002 -0.99836472848311153     
  -4.9505919363386927E-002 -0.99877383022783783     
  -4.0822561596709557E-002 -0.99916641179769594     
  -3.1352989336308631E-002 -0.99950837418186611     
  -2.1348951163146515E-002 -0.99977208516953187     
  -1.1069576689706947E-002 -0.99993873035897085     
  -7.7466284118748389E-004 -0.99999969994869620     
   9.2819572703773390E-003 -0.99995692170674577     
   1.8858744890581338E-002 -0.99982215805669761     
   2.7732282263056785E-002 -0.99961538629639057     
   3.5702423041668992E-002 -0.99936246526921035     
   4.2596636555509729E-002 -0.99909235136405572     
   4.8273463305700058E-002 -0.99883415677502396     
   5.2625044596081721E-002 -0.99861434231702306     
   5.5578727470657459E-002 -0.99845430794440582     
   5.7097773829393586E-002 -0.99836859136479617     
   5.7181218976237472E-002 -0.99836381554841602     
   5.5862931585232589E-002 -0.99843844721379982     
   5.3209927578488296E-002 -0.99858334835260099     
   4.9319988926647185E-002 -0.99878302883673153     
   4.4318638918813602E-002 -0.99901744641641965     
   3.8355530900790552E-002 -0.99926415589138318     
   3.1600319044673919E-002 -0.99950058521057150     
   2.4238096703769040E-002 -0.99970621417903505     
   1.6464507986974696E-002 -0.99986445080158082     
   8.4806579403458315E-003 -0.99996403857383731     
   4.8796243580275753E-004 -0.99999988094632353     
  -7.3169126643179054E-003 -0.99997323103624269     
  -1.4746874294962707E-002 -0.99989125893695485     
  -2.1628848673922663E-002 -0.99976606909068511     
  -2.7807732321956404E-002 -0.99961329023933576     
  -3.3149753672310329E-002 -0.99945039588339013     
  -3.7545179477561953E-002 -0.99929493118798396     
  -4.0910328038273935E-002 -0.99916282209647933     
  -4.3188876032778760E-002 -0.99906692517920204     
  -4.4352465696076794E-002 -0.99901594521142567     
  -4.4400633756926502E-002 -0.99901380557126596     
  -4.3360093508894262E-002 -0.99905950888368000     
  -4.1283408112579231E-002 -0.99914747670932458     
  -3.8247098543470109E-002 -0.99926831204286970     
  -3.4349235262027392E-002 -0.99940989090408439     
  -2.9706569927285122E-002 -0.99955866246216651     
  -2.4451272755549994E-002 -0.99970102293667462     
  -1.8727352029263192E-002 -0.99982462776527570     
  -1.2686843625858082E-002 -0.99991951876079155     
  -6.4858686273155707E-003 -0.99997896653287122     
  -2.8066434903153980E-004 -0.99999996061376084     
   5.7763029723948145E-003 -0.99998331702282472     
   1.1540037950590129E-002 -0.99993341154503834     
   1.6876430141345218E-002 -0.99985758291152860     
   2.1665296807182478E-002 -0.99976527991036812     
   2.5802984689906775E-002 -0.99966704756188318     
   2.9204478990874271E-002 -0.99957345823449695     
   3.1804985849581684E-002 -0.99949409346684381     
   3.3560971524191928E-002 -0.99943667192591668     
   3.4450656273483378E-002 -0.99940639996065983     
   3.4473973242121349E-002 -0.99940559592634937     
   3.3652012618342553E-002 -0.99943361062490532     
   3.2025979521240866E-002 -0.99948703675220574     
   2.9655701231953178E-002 -0.99956017296831168     
   2.6617726223980991E-002 -0.99964568555597000     
   2.3003064458994985E-002 -0.99973539450471360     
   1.8914625727730870E-002 -0.99982110246462585     
   1.4464420173794235E-002 -0.99989538480234819     
   9.7705919527016991E-003 -0.99995226662720949     
   4.9543624614778554E-003 -0.99998772707098771     
   1.3696291290623975E-004 -0.99999999062058020     
  -4.5633634377729108E-003 -0.99998958780286051     
  -9.0342117451983756E-003 -0.99995919067637096     
  -1.3171646846517535E-002 -0.99991325009690246     
  -1.6882552102489231E-002 -0.99985747956121562     
  -2.0086643286949982E-002 -0.99979824302779352     
  -2.2718107014549890E-002 -0.99974191050174321     
  -2.4726835612560814E-002 -0.99969424505725224     
  -2.6079242405214895E-002 -0.99965987871654127     
  -2.6758652545100008E-002 -0.99964192314746914     
  -2.6765274516083813E-002 -0.99964174586702748     
  -2.6115766219307071E-002 -0.99965892521138355     
  -2.4842417302149256E-002 -0.99969137952799503     
  -2.2991976360278086E-002 -0.99973564957094951     
  -2.0624158088074503E-002 -0.99978729943081301     
  -1.7809871528838252E-002 -0.99984139165976038     
  -1.4629216284846721E-002 -0.99989298728958553     
  -1.1169298721417522E-002 -0.99993762143749332     
  -7.5219245314664587E-003 -0.99997170992550732     
  -3.7812271336757890E-003 -0.99999285113512859     
  -4.1292879499080176E-005 -0.99999999914744908     
   3.6061563495914553E-003 -0.99999349779705182     
   7.0739650023128528E-003 -0.99997497919655276     
   1.0281576440353270E-002 -0.99994714319602973     
   1.3156848683222916E-002 -0.99991344492047252     
   1.5637613306048372E-002 -0.99987772504946348     
   1.7672945941421051E-002 -0.99984382129498184     
   1.9224125720336157E-002 -0.99981519941951713     
   2.0265269859585034E-002 -0.99979463833205173     
   2.0783638127979173E-002 -0.99978399686440533     
   2.0779609889584487E-002 -0.99978408059582380     
   2.0266343737211423E-002 -0.99979461656458479     
   1.9269136395316199E-002 -0.99981433295516353     
   1.7824503640203184E-002 -0.99984113091529714     
   1.5979011512247444E-002 -0.99987232744540511     
   1.3787891097731238E-002 -0.99990494251157547     
   1.1313474592011060E-002 -0.99993600059836629     
   8.6234941080151999E-003 -0.99996281698339617     
   5.7892875975766537E-003 -0.99998324193413990     
   2.8839581172182081E-003 -0.99999584138414199     
  -1.9466681042216643E-005 -0.99999999981052412     
  -2.8498286423442594E-003 -0.99999593923010976     
  -5.5395426610968064E-003 -0.99998465661584324     
  -8.0261689578415354E-003 -0.99996778978718115     
  -1.0253817905643904E-002 -0.99994742822728333     
  -1.2174356732270634E-002 -0.99992588977291486     
  -1.3748393592874412E-002 -0.99990548637039467     
  -1.4946021056291621E-002 -0.99988830198906964     
  -1.5747307710060228E-002 -0.99987600346237171     
  -1.6142533144034056E-002 -0.99986970082290916     
  -1.6132167857391192E-002 -0.99986986811295642     
  -1.5726605544322834E-002 -0.99987632929180459     
  -1.4945660691761432E-002 -0.99988830737562218     
  -1.3817849438078794E-002 -0.99990452896109361     
  -1.2379476171708811E-002 -0.99992337134888198     
  -1.0673552359210222E-002 -0.99994303601756995     
  -8.7485775276748088E-003 -0.99996173046334247     
  -6.6572151073330289E-003 -0.99997784049798555     
  -4.4548978712368103E-003 -0.99999007689324437     
  -2.1983988927912570E-003 -0.99999758351823442     
   5.5595802238001756E-005 -0.99999999845455334     
   2.2518774318436821E-003 -0.99999746452080163     
   4.3380337389318990E-003 -0.99999059068737239     
   6.2656662106289271E-003 -0.99998037052081024     
   7.9914775226647937E-003 -0.99996806763366441     
   9.4782056014048495E-003 -0.99995508080042150     
   1.0695385301429631E-002 -0.99994280273086322     
   1.1619923620501354E-002 -0.99993248640848431     
   1.2236479442834323E-002 -0.99992513148277506     
   1.2537643862689438E-002 -0.99992140065425761     
   1.2523922067812646E-002 -0.99992157261259218     
   1.2203522459031212E-002 -0.99992553424722175     
   1.1591963075563415E-002 -0.99993281093884245     
   1.0711509428962037E-002 -0.99994263013722606     
   9.5904614734722317E-003 -0.99995401046684429     
   8.2623106084731227E-003 -0.99996586652915764     
   6.7647902668936414E-003 -0.99997711854454197     
   5.1388457348703334E-003 -0.99998679604508434     
   3.4275503146405260E-003 -0.99999412593216797     
   1.6749957332745789E-003 -0.99999859719366280     
  -7.4815222329417363E-005 -0.99999999720134125     
  -1.7790465126319005E-003 -0.99999841749550078     
  -3.3970511241694836E-003 -0.99999423000518350     
  -4.8913138766279842E-003 -0.99998803745272891     
  -6.2282934345157300E-003 -0.99998060399234423     
  -7.3791453126091497E-003 -0.99997277373659299     
  -8.3203111564535796E-003 -0.99996538561205195     
  -9.0339633293861285E-003 -0.99995919292067281     
  -9.5082977265790458E-003 -0.99995479511543062     
  -9.7376716540465702E-003 -0.99995258775141838     
  -9.7225874590414294E-003 -0.99995273452953826     
  -9.4695262948601630E-003 -0.99995516303069854     
  -8.9906398781572482E-003 -0.99995958338053903     
  -8.3033112913055065E-003 -0.99996552691660312     
  -7.4295987440957277E-003 -0.99997240015037503     
  -6.3955786903132665E-003 -0.99997954807746747     
  -5.2306067503316948E-003 -0.99998632028294432     
  -3.9665164786902305E-003 -0.99999213334256998     
  -2.6367770986241053E-003 -0.99999652369722369     
  -1.2756318751309878E-003 -0.99999918638132856     
   8.2761201761805535E-005 -0.99999999657529171     
   1.4051653014667210E-003 -0.99999901275475045     
   2.6600571640347814E-003 -0.99999646204168346     
   3.8183575723347283E-003 -0.99999271004615320     
   4.8540834339756258E-003 -0.99998821886761047     
   5.7449074059625878E-003 -0.99998349788328855     
   6.4726136692766648E-003 -0.99997905241674356     
   7.0234413397771882E-003 -0.99997533533170047     
   7.3883100006356820E-003 -0.99997270606518784     
   7.5629248780635797E-003 -0.99997140067468371     
   7.5477621808038619E-003 -0.99997151523734018     
   7.3479380167662889E-003 -0.99997300353904639     
   6.9729670271225881E-003 -0.99997568856989649     
   6.4364193860568771E-003 -0.99997928603820929     
   5.7554870561700444E-003 -0.99998343704720738     
   4.9504721234594207E-003 -0.99998774633780130     
   4.0442116249443678E-003 -0.99999182214272764     
   3.0614544948578053E-003 -0.99999531373720740     
   2.0282070668949581E-003 -0.99999794318593160     
   9.7106396355921699E-004 -0.99999952851727814     
  -8.3458827516212143E-005 -0.99999999651731208     
  -1.1095723413516733E-003 -0.99999938442442016     
  -2.0828289919525389E-003 -0.99999783090934269     
  -2.9806886275459818E-003 -0.99999555773778592     
  -3.7830235722644710E-003 -0.99999284434072411     
  -4.4725517794847120E-003 -0.99998999809027078     
  -5.0351892824645654E-003 -0.99998732335409624     
  -5.4603153493560158E-003 -0.99998509236702404     
  -5.7409460691166918E-003 -0.99998352063333096     
  -5.8738144505176967E-003 -0.99998274900310202     
  -5.8593574496438013E-003 -0.99998283381779973     
  -5.7016125975623989E-003 -0.99998374567479209     
  -5.4080290296233593E-003 -0.99998537650408403     
  -4.9891996765988504E-003 -0.99998755386584037     
  -4.4585231260300838E-003 -0.99999006073637287     
  -3.8318051651405013E-003 -0.99999265860764019     
  -3.1268112450705617E-003 -0.99999511151377019     
  -2.3627820361484656E-003 -0.99999720862662900     
  -1.5599248578920270E-003 -0.99999878331647873     
  -7.3889405505266287E-004 -0.99999972701775042     
   7.9726650133729772E-005 -0.99999999682183061     
   8.7592716301856878E-004 -0.99999961637572898     
   1.6307473836483038E-003 -0.99999867033060130     
   2.3267158956539872E-003 -0.99999729319290709     
   2.9482411441201025E-003 -0.99999565392763390     
   3.4819466915441892E-003 -0.99999393800524472     
   3.9169437345019835E-003 -0.99999232874646626     
   4.2450357827135991E-003 -0.99999098979500989     
   4.4608521994842229E-003 -0.99999005034932942     
   4.5619091308164101E-003 -0.99998959443840318     
   4.5485981642578036E-003 -0.99998965507386128     
   4.4241048147011545E-003 -0.99999021360040741     
   4.1942605930755453E-003 -0.99999120405035435     
   3.8673339390408392E-003 -0.99999252183614051     
   3.4537666583258687E-003 -0.99999403573014867     
   2.9658636714449036E-003 -0.99999560181666924     
   2.4174448300203115E-003 -0.99999707797597781     
   1.8234682716775901E-003 -0.99999833748034905     
   1.1996352517645835E-003 -0.99999928043737252     
   5.6198660319001833E-004 -0.99999984208551640     
  -7.3499066029309606E-005 -0.99999999729894362     
  -6.9129561839104061E-004 -0.99999976105515542     
  -1.2766987833552853E-003 -0.99999918501977614     
  -1.8161661567610702E-003 -0.99999835076888555     
  -2.2976201934136312E-003 -0.99999736046723986     
  -2.7107076858755076E-003 -0.99999632602517186     
  -3.0470104576948275E-003 -0.99999535785286053     
  -3.3002033320422373E-003 -0.99999455431415585     
  -3.4661568309168234E-003 -0.99999399286036883     
  -3.5429834794828427E-003 -0.99999372361433558     
  -3.5310279992925319E-003 -0.99999376590120215     
  -3.4328030393403217E-003 -0.99999410791428822     
  -3.2528733835568884E-003 -0.99999470939337998     
  -2.9976927587473546E-003 -0.99999550690896810     
  -2.6753984225648206E-003 -0.99999642111523601     
  -2.2955696149034059E-003 -0.99999736517660043     
  -1.8689566899980597E-003 -0.99999825349892035     
  -1.4071882966424625E-003 -0.99999900991005874     
  -9.2246433089457987E-004 -0.99999957452968857     
  -4.2724254479544794E-004 -0.99999990873189981     
   6.6073343743534860E-005 -0.99999999781715665     
   5.4543642540122114E-004 -0.99999985124954183     
   9.9944305669243008E-004 -0.99999950055666353     
   1.4175963790243262E-003 -0.99999899520974833     
   1.7905410082069487E-003 -0.99999839698016413     
   2.1102638596404029E-003 -0.99999777339074247     
   2.3702570331832107E-003 -0.99999719093685291     
   2.5656397160507471E-003 -0.99999670874100755     
   2.6932371442990200E-003 -0.99999637323026558     
   2.7516157655490792E-003 -0.99999621429817365     
   2.7410748400925372E-003 -0.99999624324730396     
   2.6635957779833088E-003 -0.99999645262247383     
   2.5227515114145094E-003 -0.99999681785734285     
   2.3235791219774226E-003 -0.99999730048638824     
   2.0724197611998317E-003 -0.99999785253586093     
   1.7767306028282563E-003 -0.99999842161293684     
   1.4448741325792454E-003 -0.99999895616882573     
   1.0858905048810349E-003 -0.99999941042073193     
   7.0925896942136354E-004 -0.99999974847582551     
   3.2465448983669460E-004 -0.99999994729972974     
  -5.8294356822192251E-005 -0.99999999830088393     
  -4.3024029378114131E-004 -0.99999990744664047     
  -7.8233948875052839E-004 -0.99999969397241539     
  -1.1064557988900649E-003 -0.99999938787759524     
  -1.3953425546606758E-003 -0.99999902650910377     
  -1.6427979865819356E-003 -0.99999865060647719     
  -1.8437911437508365E-003 -0.99999830021566449     
  -1.9945559562586398E-003 -0.99999801087129037     
  -2.0926519340019384E-003 -0.99999781040154434     
  -2.1369908501819427E-003 -0.99999771663244619     
  -2.1278296076613734E-003 -0.99999773616801790     
  -2.0667303097257508E-003 -0.99999786431063287     
  -1.9564893343389836E-003 -0.99999808607291074     
  -1.8010379249921713E-003 -0.99999837812988113     
  -1.6053174460015781E-003 -0.99999871147711861     
  -1.3751329921755820E-003 -0.99999905450417992     
  -1.1169894812240375E-003 -0.99999937616705481     
  -8.3791468393308946E-004 -0.99999964894942961     
  -5.4527385665014783E-004 -0.99999985133819957     
  -2.4658073065123308E-004 -0.99999996959897119     
   5.0690415891487804E-005 -0.99999999871524081     
   3.3928702182276578E-004 -0.99999994244215673     
   6.1235051449037489E-004 -0.99999981251340608     
   8.6357461380702581E-004 -0.99999962711937362     
   1.0873461360866095E-003 -0.99999940883901539     
   1.2788652827699079E-003 -0.99999918225145989     
   1.4342429780733659E-003 -0.99999897147301098     
   1.5505734436702151E-003 -0.99999879786027535     
   1.6259808512191947E-003 -0.99999867809226206     
   1.6596395581238285E-003 -0.99999862279732021     
   1.6517680917490815E-003 -0.99999863583015502     
   1.6035976864367265E-003 -0.99999871423640341     
   1.5173167809834759E-003 -0.99999884887423052     
   1.3959934379819670E-003 -0.99999902560068588     
   1.2434781383306739E-003 -0.99999922688076093     
   1.0642898238453604E-003 -0.99999943364342503     
   8.6348839979600060E-004 -0.99999962719382218     
   6.4653716104214737E-004 -0.99999979099482783     
   4.1915876619568349E-004 -0.99999991215296047     
   1.8718845216486287E-004 -0.99999998248024158     
  -4.3571842895558757E-005 -0.99999999905074721     
  -2.6749489394967244E-004 -0.99999996422324022     
  -4.7926178466283821E-004 -0.99999988515406424     
  -6.7398460375513495E-004 -0.99999977287235120     
  -8.4731550608621792E-004 -0.99999964102815220     
  -9.9553980538215239E-004 -0.99999950445012520     
  -1.1156512156059323E-003 -0.99999937766098890     
  -1.2054078429331774E-003 -0.99999927349570217     
  -1.2633680373162141E-003 -0.99999920195028269     
  -1.2889057286980920E-003 -0.99999916936066624     
  -1.2822053851965017E-003 -0.99999917797433724     
  -1.2442372265780792E-003 -0.99999922593656243     
  -1.1767137943739802E-003 -0.99999930767208345     
  -1.0820294093202342E-003 -0.99999941460600739     
  -9.6318442792615432E-004 -0.99999953613777126     
  -8.2369653477253036E-004 -0.99999966076195179     
  -6.6750156907491049E-004 -0.99999977722080280     
  -4.9884657825758814E-004 -0.99999987557603798     
  -3.2217791467788415E-004 -0.99999994810069426     
  -1.4202724292835758E-004 -0.99999998991413108     
   3.7101695164799168E-005 -0.99999999931173211     
   2.1084280037861214E-004 -0.99999997777265648     
   3.7507121837413978E-004 -0.99999992966078810     
   5.2599843710074456E-004 -0.99999986166281252     
   6.6025676028374863E-004 -0.99999978203048145     
   7.7497135151537416E-004 -0.99999969970965707     
   8.6781839346072246E-004 -0.99999962344554705     
   9.3706828359526933E-004 -0.99999956095141951     
   9.8161318177358392E-004 -0.99999951821766464     
   1.0009786256988929E-003 -0.99999949902077001     
   9.9531932802331287E-004 -0.99999950466959497     
   9.6539965369960674E-004 -0.99999953400164576     
   9.1255963922971881E-004 -0.99999958361736574     
   8.3866774828198431E-004 -0.99999964831814214     
   7.4606185339308061E-004 -0.99999972169581675     
   6.3748018484759248E-004 -0.99999979680948636     
   5.1598419027641207E-004 -0.99999986688014886     
   3.8487539829090342E-004 -0.99999992593546116     
   2.4760847420594797E-004 -0.99999996934502133     
   1.0770269463867252E-004 -0.99999999420006480     
  -3.1345949065884054E-005 -0.99999999950871576     
  -1.6614987924801525E-004 -0.99999998619710873     
  -2.9351027418282285E-004 -0.99999995692585852     
  -4.1049077396811432E-004 -0.99999991574865865     
  -5.1448290884997729E-004 -0.99999986765365945     
  -6.0326185281021568E-004 -0.99999981803755189     
  -6.7503137742101077E-004 -0.99999977216629377     
  -7.2845717391984745E-004 -0.99999973467503767     
  -7.6268801746085825E-004 -0.99999970915345171     
  -7.7736455872384682E-004 -0.99999969785212572     
  -7.7261583674931647E-004 -0.99999970153233986     
  -7.4904390551808469E-004 -0.99999971946657440     
  -7.0769724834572926E-004 -0.99999974958227100     
  -6.5003391215039640E-004 -0.99999978872793416     
  -5.7787552235090802E-004 -0.99999983302992634     
  -4.9335353369238941E-004 -0.99999987830113801     
  -3.9884922876563296E-004 -0.99999992045964314     
  -2.9692909149782497E-004 -0.99999995591655633     
  -1.9027725563254989E-004 -0.99999998189728279     
  -8.1626757464402651E-005 -0.99999999666853623     
   2.6308691789675786E-005 -0.99999999965392639     
   1.3090075420209665E-004 -0.99999999143249618     
   2.2966876906748907E-004 -0.99999997362612791     
   3.2033687862041514E-004 -0.99999994869214082     
   4.0088470442173742E-004 -0.99999991964572366     
   4.6959049321796461E-004 -0.99999988974237830     
   5.2506586275889017E-004 -0.99999986215291037     
   5.6628150576056599E-004 -0.99999983966261530     
   5.9258344793556151E-004 -0.99999982442241320     
   6.0369969769902255E-004 -0.99999981777332092     
   5.9973736477350245E-004 -0.99999982015753053     
   5.8117055663789408E-004 -0.99999983112037782     
   5.4881958011661011E-004 -0.99999984939852293     
   5.0382217537040886E-004 -0.99999987308159977     
   4.4759768669148871E-004 -0.99999989982815041     
   3.8180522505335495E-004 -0.99999992711238239     
   3.0829699829546561E-004 -0.99999995247647933     
   2.2906807390849827E-004 -0.99999997376390837     
   1.4620389523764627E-004 -0.99999998931221046     
   6.1826893996603106E-005 -0.99999999808871753     
  -2.1956469416728779E-005 -0.99999999975895670     
  -1.0310695007691341E-004 -0.99999999468447842     
  -1.7970083368259329E-004 -0.99999998385380506     
  -2.4997421137520898E-004 -0.99999996875644637     
  -3.1236222974466871E-004 -0.99999995121491747     
  -3.6553247935784813E-004 -0.99999993319300107     
  -4.0841184977912892E-004 -0.99999991659987697     
  -4.4020635604331181E-004 -0.99999990310917730     
  -4.6041362623987616E-004 -0.99999989400964073     
  -4.6882792755180148E-004 -0.99999989010018109     
  -4.6553779408619461E-004 -0.99999989163727532     
  -4.5091649962137486E-004 -0.99999989833714997     
  -4.2560578772528828E-004 -0.99999990942985262     
  -3.9049342668545975E-004 -0.99999992375743896     
  -3.4668529389210098E-004 -0.99999993990465175     
  -2.9547281081573304E-004 -0.99999995634790806     
  -2.3829664318059939E-004 -0.99999997160735454     
  -1.7670764963944005E-004 -0.99999998438720317     
  -1.1232610513712997E-004 -0.99999999369142301     
  -4.6800241802799991E-005 -0.99999999890486868     
   1.8234859121909412E-005 -0.99999999983374499     
   8.1197025249912840E-005 -0.99999999670352158     
   1.4059445991759171E-004 -0.99999999011659890     
   1.9506005665854395E-004 -0.99999998097578702     
   2.4338179880800274E-004 -0.99999997038264954     
   2.8452859681089859E-004 -0.99999995952173792     
   3.1767104385044292E-004 -0.99999994954255267     
   3.4219670798934197E-004 -0.99999994145070481     
   3.5771972251016031E-004 -0.99999993601829806     
   3.6408458188849489E-004 -0.99999993372120644     
   3.6136419520304945E-004 -0.99999993470795712     
   3.4985238827597354E-004 -0.99999993880165139     
   3.3005117714812613E-004 -0.99999994553310878     
   3.0265325561346107E-004 -0.99999995420050236     
   2.6852024580032010E-004 -0.99999996394843815     
   2.2865735093688660E-004 -0.99999997385790762     
   1.8418512166629288E-004 -0.99999998303792037     
   1.3630910026091081E-004 -0.99999999070991452     
   8.6288140006710596E-005 -0.99999999627717839     
   3.5402209580903221E-005 -0.99999999937334183     
  -1.5079515369950193E-005 -0.99999999988630406     
  -6.3929498338317881E-005 -0.99999999795650962     
  -1.0999089605894648E-004 -0.99999999395100136     
  -1.5220415309235956E-004 -0.99999998841694782     
  -1.8963054636301878E-004 -0.99999998202012774     
  -2.2147217866928982E-004 -0.99999997547503672     
  -2.4708801976901609E-004 -0.99999996947375480     
  -2.6600570058185028E-004 -0.99999996462048302     
  -2.7792887753156660E-004 -0.99999996137776881     
  -2.8274009723137336E-004 -0.99999996002901792     
  -2.8049920377559153E-004 -0.99999996066009755     
  -2.7143743912289465E-004 -0.99999996316085760     
  -2.5594748888280172E-004 -0.99999996724544093     
  -2.3456981891221518E-004 -0.99999997248849970     
  -2.0797573042885759E-004 -0.99999997837304755     
  -1.7694763110593376E-004 -0.99999998434476778     
  -1.4235707543067155E-004 -0.99999998986723149     
  -1.0514116846846983E-004 -0.99999999447266730     
  -6.6277952446183313E-005 -0.99999999780361648     
  -2.6761405022329684E-005 -0.99999999964191355     
   1.2423328088015700E-005 -0.99999999992283051     
   5.0323864777121398E-005 -0.99999999873375434     
   8.6043116663178185E-005 -0.99999999629829106     
   1.1875990033683165E-004 -0.99999999294804298     
   1.4774717238734663E-004 -0.99999998908538645     
   1.7238750055199463E-004 -0.99999998514127475     
   1.9218546078593362E-004 -0.99999998153237413     
   2.0677673317205959E-004 -0.99999997862169110     
   2.1593375620125062E-004 -0.99999997668630625     
   2.1956788684237037E-004 -0.99999997589497125     
   2.1772810080168776E-004 -0.99999997629723680     
   2.1059635133339251E-004 -0.99999997782458816     
   1.9847978392384657E-004 -0.99999998030288750     
   1.8180007632151381E-004 -0.99999998347436603     
   1.6108023712379697E-004 -0.99999998702657855     
   1.3692925010899492E-004 -0.99999999062519018     
   1.1002499463704542E-004 -0.99999999394725025     
   8.1095903950084404E-005 -0.99999999671172712     
   5.0901842601255885E-005 -0.99999999870450118     
   2.0214691354653715E-005 -0.99999999979568310     
  -1.0200877136751794E-005 -0.99999999994797106     
  -3.9605965327776527E-005 -0.99999999921568372     
  -6.7304921683784569E-005 -0.99999999773502379     
  -9.2661314562979844E-005 -0.99999999570694043     
  -1.1511205487716782E-004 -0.99999999337460743     
  -1.3417936757126930E-004 -0.99999999099794867     
  -1.4948037220119048E-004 -0.99999998882780905     
  -1.6073409750000817E-004 -0.99999998708227489     
  -1.6776582211041482E-004 -0.99999998592731432     
  -1.7050870191032328E-004 -0.99999998546339119     
  -1.6900271187121439E-004 -0.99999998571904158     
  -1.6339099552850598E-004 -0.99999998665169121     
  -1.5391377637235387E-004 -0.99999998815527469     
  -1.4090004138260268E-004 -0.99999999007358908     
  -1.2475725629517470E-004 -0.99999999221781344     
  -1.0595941395265015E-004 -0.99999999438630127     
  -8.5033750425170921E-005 -0.99999999638463066     
  -6.2546487882652701E-005 -0.99999999804396844     
  -3.9087978085886006E-005 -0.99999999923606497     
  -1.5257625712603449E-005 -0.99999999988360244     
   8.3510333477717877E-006 -0.99999999996513012     
   3.1164736774411969E-005 -0.99999999951437957     
   5.2644043436216666E-005 -0.99999999861430233     
   7.2295713140195115E-005 -0.99999999738666490     
   8.9683644193857629E-005 -0.99999999597842193     
   1.0443813668402531E-004 -0.99999999454633781     
   1.1626329622498243E-004 -0.99999999324142297     
   1.2494244314972361E-004 -0.99999999219469293     
   1.3034144439364045E-004 -0.99999999150555385     
   1.3240993831733949E-004 -0.99999999123380412     
   1.3118047511702943E-004 -0.99999999139584139     
   1.2676564600727191E-004 -0.99999999196523548     
   1.1935332183955324E-004 -0.99999999287739227     
   1.0920016515358423E-004 -0.99999999403766193     
   9.6623617887756029E-005 -0.99999999533193817     
   8.1992599291140581E-005 -0.99999999663860684     
   6.5717174337394938E-005 -0.99999999784062654     
   4.8237471673346145E-005 -0.99999999883657320     
   3.0012141558255660E-005 -0.99999999954963570     
   1.1506648266416892E-005 -0.99999999993379851     
  -6.8183118775190595E-006 -0.99999999997675526     
  -2.4517986020317918E-005 -0.99999999969943421     
  -4.1174070033697594E-005 -0.99999999915234794     
  -5.6404302702676676E-005 -0.99999999840927734     
  -6.9870936408057344E-005 -0.99999999755902613     
  -8.1287904718087633E-005 -0.99999999669613826     
  -9.0426543741497226E-005 -0.99999999591152011     
  -9.7119763129796120E-005 -0.99999999528387584     
  -1.0126460322895638E-004 -0.99999999487274005     
  -1.0282315603426865E-004 -0.99999999471369927     
  -1.0182186827479306E-004 -0.99999999481615354     
  -9.8349284160295557E-005 -0.99999999516370919     
  -9.2552322139340313E-005 -0.99999999571703380     
  -8.4631213599489302E-005 -0.99999999641877879     
  -7.4833261046876600E-005 -0.99999999719999155     
  -6.3445598306341834E-005 -0.99999999798732797     
  -5.0787155186877888E-005 -0.99999999871033241     
  -3.7200043499906154E-005 -0.99999999930807837     
  -2.3040590082257396E-005 -0.99999999973456566     
  -8.6702454887766710E-006 -0.99999999996241340     
   5.5534056489178519E-006 -0.99999999998457989     
   1.9285314743369455E-005 -0.99999999981403831     
   3.2201115277657827E-005 -0.99999999948154406     
   4.4004558126368358E-005 -0.99999999903179948     
   5.4434071649726897E-005 -0.99999999851846588     
   6.3268307610177962E-005 -0.99999999799856065     
   7.0330562298727273E-005 -0.99999999752680602     
   7.5491992599797765E-005 -0.99999999715047949     
   7.8673578274197851E-005 -0.99999999690523400     
   7.9846813696313068E-005 -0.99999999681224316     
   7.9033143850198667E-005 -0.99999999687688113     
   7.6302189805625253E-005 -0.99999999708898790     
   7.1768837442419129E-005 -0.99999999742461698     
   6.5589289216497727E-005 -0.99999999784902260     
   5.7956201688849777E-005 -0.99999999832053932     
   4.9093050884670669E-005 -0.99999999879493617     
   3.9247882929187681E-005 -0.99999999922980187     
   2.8686618541511938E-005 -0.99999999958853891     
   1.7686086691252040E-005 -0.99999999984360122     
   6.5269649800602748E-006 -0.99999999997869937     
  -4.5131978419480962E-006 -0.99999999998981548     
  -1.5166708213858386E-005 -0.99999999988498545     
  -2.5182044327179314E-005 -0.99999999968293229     
  -3.4329618298110827E-005 -0.99999999941073869     
  -4.2406856539573366E-005 -0.99999999910082926     
  -4.9242490824417541E-005 -0.99999999878758850     
  -5.4699974570165927E-005 -0.99999999850395638     
  -5.8679962459019043E-005 -0.99999999827833097     
  -6.1121816017885560E-005 -0.99999999813206175     
  -6.2004122597750824E-005 -0.99999999807774442     
  -6.1344239693821595E-005 -0.99999999811844209     
  -5.9196900144683977E-005 -0.99999999824786345     
  -5.5651935884308818E-005 -0.99999999845143106     
  -5.0831198088980089E-005 -0.99999999870809464     
  -4.4884769316838579E-005 -0.99999999899267877     
  -3.7986578205735554E-005 -0.99999999927850991     
  -3.0329539178205529E-005 -0.99999999954005958     
  -2.2120348186381282E-005 -0.99999999975534515     
  -1.3574070686609978E-005 -0.99999999990787225     
  -4.9086597226305605E-006 -0.99999999998795253     
   3.6604597372810306E-006 -0.99999999999330047     
   1.1925609091741001E-005 -0.99999999992888988     
   1.9691754025618357E-005 -0.99999999980611742     
   2.6780969986146974E-005 -0.99999999964138986     
   3.3036376548448204E-005 -0.99999999945429896     
   3.8325457490859611E-005 -0.99999999926557970     
   4.2542700540292029E-005 -0.99999999909505932     
   4.5611509078237045E-005 -0.99999999895979508     
   4.7485357139855521E-005 -0.99999999887257041     
   4.8148178307166463E-005 -0.99999999884087643     
   4.7613998114655846E-005 -0.99999999886645363     
   4.5925837891679804E-005 -0.99999999894540870     
   4.3153935129827006E-005 -0.99999999906886894     
   3.9393341092691974E-005 -0.99999999922408234     
   3.4760970135481747E-005 -0.99999999939583750     
   2.9392186782413872E-005 -0.99999999956804964     
   2.3437025791285421E-005 -0.99999999972535292     
   1.7056147051779381E-005 -0.99999999985454391     
   1.0416631118900557E-005 -0.99999999994574695     
   3.6877224449956796E-006 -0.99999999999320033     
  -2.9633740205124423E-006 -0.99999999999560918     
  -9.3755411446665790E-006 -0.99999999995604960     
  -1.5397547463959625E-005 -0.99999999988145771     
  -2.0891507727724752E-005 -0.99999999978177245     
  -2.5735929723817742E-005 -0.99999999966883091     
  -2.9828283031649275E-005 -0.99999999955513674     
  -3.3087038677232990E-005 -0.99999999945262397     
  -3.5453142912250428E-005 -0.99999999937153727     
  -3.6890903131955886E-005 -0.99999999931953065     
  -3.7388278908745385E-005 -0.99999999930105832     
  -3.6956585878346742E-005 -0.99999999931710537     
  -3.5629634417031564E-005 -0.99999999936526462     
  -3.3462338356801316E-005 -0.99999999944013596     
  -3.0528841097201263E-005 -0.99999999953399488     
  -2.6920217120252207E-005 -0.99999999963765096     
  -2.2741815874508843E-005 -0.99999999974140485     
  -1.8110322088006095E-005 -0.99999999983600807     
  -1.3150611670569924E-005 -0.99999999991353072     
  -7.9924853984199521E-006 -0.99999999996806010     
  -2.7673635155376523E-006 -0.99999999999617084     
   2.3949767338954080E-006 -0.99999999999713207     
   7.3695417305652614E-006 -0.99999999997284494     
   1.2039066311126941E-005 -0.99999999992753041     
   1.6296695502862528E-005 -0.99999999986720889     
   2.0048343992219954E-005 -0.99999999979903198     
   2.3214683537679191E-005 -0.99999999973053921     
   2.5732718903683793E-005 -0.99999999966891362     
   2.7556923966034358E-005 -0.99999999962030794     
   2.8659921130993199E-005 -0.99999999958930441     
   2.9032698828199724E-005 -0.99999999957855124     
   2.8684373293363440E-005 -0.99999999958860342     
   2.7641511873776860E-005 -0.99999999961797337     
   2.5947045408842685E-005 -0.99999999966337538     
   2.3658806623496396E-005 -0.99999999972013043     
   2.0847739717858211E-005 -0.99999999978268583     
   1.7595833268023290E-005 -0.99999999984519328     
   1.3993834033503720E-005 -0.99999999990208632     
   1.0138803198378540E-005 -0.99999999994860234     
   6.1315788980273780E-006 -0.99999999998120181     
   2.0742095845891762E-006 -0.99999999999784883     
  -1.9325781146031696E-006 -0.99999999999813260     
  -5.7918158283682175E-006 -0.99999999998322742     
  -9.4125768224797657E-006 -0.99999999995570166     
  -1.2712054175398652E-005 -0.99999999991920185     
  -1.5617387929202450E-005 -0.99999999987804855     
  -1.8067202695758468E-005 -0.99999999983678811     
  -2.0012825259846084E-005 -0.99999999979974341     
  -2.1419160327787602E-005 -0.99999999977060983     
  -2.2265211497551830E-005 -0.99999999975213016     
  -2.2544243547367545E-005 -0.99999999974587850     
  -2.2263591031117107E-005 -0.99999999975216625     
  -2.1444126715436704E-005 -0.99999999977007470     
  -2.0119411394608807E-005 -0.99999999979760468     
  -1.8334553892470404E-005 -0.99999999983192212     
  -1.6144816445565418E-005 -0.99999999986967247     
  -1.3614006024306432E-005 -0.99999999990732946     
  -1.0812696383069298E-005 -0.99999999994154276     
  -7.8163286603270261E-006 -0.99999999996945255     
  -4.7032401319457471E-006 -0.99999999998893974     
  -1.5526712421301573E-006 -0.99999999999879463     
   1.5571996840466768E-006 -0.99999999999878753     
   4.5511465563513394E-006 -0.99999999998964351     
   7.3586660033702830E-006 -0.99999999997292499     
   9.9155878092622386E-006 -0.99999999995084055     
   1.2165489821988709E-005 -0.99999999992600042     
   1.4060887532460917E-005 -0.99999999990114574     
   1.5564174793364907E-005 -0.99999999987887822     
   1.6648298835923181E-005 -0.99999999986141708     
   1.7297159678012912E-005 -0.99999999985040411     
   1.7505731021718991E-005 -0.99999999984677468     
   1.7279906639087016E-005 -0.99999999985070243     
   1.6636082874974615E-005 -0.99999999986162036     
   1.5600494099694647E-005 -0.99999999987831234     
   1.4208323580163290E-005 -0.99999999989906174     
   1.2502617182528151E-005 -0.99999999992184230     
   1.0533031467833733E-005 -0.99999999994452760     
   8.3544510133664869E-006 -0.99999999996510158     
   6.0255121276509311E-006 -0.99999999998184663     
   3.6070714927811275E-006 -0.99999999999349454     
   1.1606586546260015E-006 -0.99999999999932643     
  -1.2530492955705001E-006 -0.99999999999921496     
  -3.5756940073193554E-006 -0.99999999999360722     
  -5.7526086521652936E-006 -0.99999999998345379     
  -7.7340658817713222E-006 -0.99999999997009215     
  -9.4763734876680308E-006 -0.99999999995509914     
  -1.0942794708246773E-005 -0.99999999994012767     
  -1.2104275003994438E-005 -0.99999999992674327     
  -1.2939962321188316E-005 -0.99999999991627864     
  -1.3437513251730271E-005 -0.99999999990971666     
  -1.3593182935711455E-005 -0.99999999990761268     
  -1.3411701909032276E-005 -0.99999999991006316     
  -1.2905948241732213E-005 -0.99999999991671829     
  -1.2096428122823270E-005 -0.99999999992683819     
  -1.1010582414771170E-005 -0.99999999993938349     
  -9.6819405293263308E-006 -0.99999999995313005     
  -8.1491461857794573E-006 -0.99999999996679567     
  -6.4548821397001493E-006 -0.99999999997916722     
  -4.6447227699184849E-006 -0.99999999998921330     
  -2.7659444579880617E-006 -0.99999999999617473     
  -8.6632398079915179E-007 -0.99999999999962474     
   1.0070453246288495E-006 -0.99999999999949296     
   2.8088910448359707E-006 -0.99999999999605504     
   4.4968260936177856E-006 -0.99999999998988931     
   6.0323157671423582E-006 -0.99999999998180555     
   7.3815261752746464E-006 -0.99999999997275657     
   8.5160362140305192E-006 -0.99999999996373856     
   9.4133990354706051E-006 -0.99999999995569400     
   1.0057543012251343E-005 -0.99999999994942290     
   1.0439006379169567E-005 -0.99999999994551358     
   1.0555003957157269E-005 -0.99999999994429589     
   1.0409328521818371E-005 -0.99999999994582289     
   1.0012093368504627E-005 -0.99999999994987898     
   9.3793263554526732E-006 -0.99999999995601407     
   8.5324290907227488E-006 -0.99999999996359878     
   7.4975178932548784E-006 -0.99999999997189359     
   6.3046656411000059E-006 -0.99999999998012556     
   4.9870655719691029E-006 -0.99999999998756461     
   3.5801394880805519E-006 -0.99999999999359135     
   2.1206136190056121E-006 -0.99999999999775147     
   6.4558560778612958E-007 -0.99999999999979161     
  -8.0839428340572844E-007 -0.99999999999967326     
  -2.2062055778178158E-006 -0.99999999999756628     
  -3.5149828750415445E-006 -0.99999999999382250     
  -4.7048652228010567E-006 -0.99999999998893208     
  -5.7496530955191710E-006 -0.99999999998347078     
  -6.6273591825935285E-006 -0.99999999997803901     
  -7.3206421376706169E-006 -0.99999999997320410     
  -7.8171155808245335E-006 -0.99999999996944633     
  -8.1095278966274680E-006 -0.99999999996711775     
  -8.1958116501728482E-006 -0.99999999996641431     
  -8.0790046690883379E-006 -0.99999999996736488     
  -7.7670479346916743E-006 -0.99999999996983646     
  -7.2724683170875074E-006 -0.99999999997355560     
  -6.6119568113713194E-006 -0.99999999997814104     
  -5.8058552276374788E-006 -0.99999999998314604     
  -4.8775662080748133E-006 -0.99999999998810463     
  -3.8529029523620343E-006 -0.99999999999257760     
  -2.7593961011940903E-006 -0.99999999999619282     
  -1.6255758418628133E-006 -0.99999999999867872     
  -4.8024745568878957E-007 -0.99999999999988465     
   6.4822176760982600E-007 -0.99999999999978995     
   1.7325870503318897E-006 -0.99999999999849909     
   2.7473660139912700E-006 -0.99999999999622602     
   3.6694193612541436E-006 -0.99999999999326772     
   4.4784595963857608E-006 -0.99999999998997169     
   5.1574771111355200E-006 -0.99999999998670019     
   5.6930752557365505E-006 -0.99999999998379441     
   6.0757084555819472E-006 -0.99999999998154288     
   6.2998199596185487E-006 -0.99999999998015610     
   6.3638783525396510E-006 -0.99999999997975053     
   6.2703144665260122E-006 -0.99999999998034161     
   6.0253627292576299E-006 -0.99999999998184752     
   5.6388132269008344E-006 -0.99999999998410194     
   5.1236827927750436E-006 -0.99999999998687394     
   4.4958152098529738E-006 -0.99999999998989386     
   3.7734221009337931E-006 -0.99999999999288069     
   2.9765772451208106E-006 -0.99999999999556999     
   2.1266778825993393E-006 -0.99999999999773859     
   1.2458870399959808E-006 -0.99999999999922384     
   3.5657102310483100E-007 -0.99999999999993638     
  -5.1925401142364351E-007 -0.99999999999986522     
  -1.3604530642107205E-006 -0.99999999999907463     
  -2.1472684230719217E-006 -0.99999999999769462     
  -2.8617696232577406E-006 -0.99999999999590516     
  -3.4882473607481446E-006 -0.99999999999391609     
  -4.0135431023499742E-006 -0.99999999999194578     
  -4.4273079192500276E-006 -0.99999999999019951     
  -4.7221859677123055E-006 -0.99999999998885047     
  -4.8939200024133862E-006 -0.99999999998802480     
  -4.9413782847691333E-006 -0.99999999998779143     
  -4.8665041916766188E-006 -0.99999999998815858     
  -4.6741916925844637E-006 -0.99999999998907596     
  -4.3720916010653617E-006 -0.99999999999044242     
  -3.9703550815857514E-006 -0.99999999999211819     
  -3.4813222684410381E-006 -0.99999999999394018     
  -2.9191650030649968E-006 -0.99999999999573919     
  -2.2994935956293933E-006 -0.99999999999735611     
  -1.6389381512049586E-006 -0.99999999999865696     
  -9.5471536083917795E-007 -0.99999999999954425     
  -2.6419174174867596E-007 -0.99999999999996514     
   4.1554587672523602E-007 -0.99999999999991362     
   1.0681022723071549E-006 -0.99999999999942957     
   1.6781584951273249E-006 -0.99999999999859190     
   2.2318205298608948E-006 -0.99999999999750944     
   2.7169243067277737E-006 -0.99999999999630917     
   3.1232906747912678E-006 -0.99999999999512257     
   3.4429253374132877E-006 -0.99999999999407319     
   3.6701602240696407E-006 -0.99999999999326494     
   3.8017342966566367E-006 -0.99999999999277345     
   3.8368133233288279E-006 -0.99999999999263944     
   3.7769496608918413E-006 -0.99999999999286737     
   3.6259845315364281E-006 -0.99999999999342615     
   3.3898966273998653E-006 -0.99999999999425426     
   3.0766020964642116E-006 -0.99999999999526723     
   2.6957120289287131E-006 -0.99999999999636657     
   2.2582544521601642E-006 -0.99999999999745015     
   1.7763685372523109E-006 -0.99999999999842226     
   1.2629792089271788E-006 -0.99999999999920242     
   7.3146062616179759E-007 -0.99999999999973244     
   1.9529706209147714E-007 -0.99999999999998090     
  -3.3225043771203879E-007 -0.99999999999994482     
  -8.3846359063290985E-007 -0.99999999999964850     
  -1.3114651173028709E-006 -0.99999999999914002     
  -1.7404889073243550E-006 -0.99999999999848532     
  -2.1161161887375609E-006 -0.99999999999776101     
  -2.4304727610595981E-006 -0.99999999999704636     
  -2.6773834298179589E-006 -0.99999999999641576     
  -2.8524809263274162E-006 -0.99999999999593170     
  -2.9532677802339435E-006 -0.99999999999563915     
  -2.9791308041005296E-006 -0.99999999999556244     
  -2.9313090196206896E-006 -0.99999999999570366     
  -2.8128169757599730E-006 -0.99999999999604405     
  -2.6283264540076393E-006 -0.99999999999654599     
  -2.3840105012487306E-006 -0.99999999999715827     
  -2.0873545558536116E-006 -0.99999999999782152     
  -1.7469401202053691E-006 -0.99999999999847411     
  -1.3722069696236491E-006 -0.99999999999905853     
  -9.7320026410965345E-007 -0.99999999999952649     
  -5.6030914030828439E-007 -0.99999999999984301     
  -1.4400340552484661E-007 -0.99999999999998967     
   2.6542516338100531E-007 -0.99999999999996481     
   6.5811068886799428E-007 -0.99999999999978340     
   1.0248444232502517E-006 -0.99999999999947486     
   1.3572840878646761E-006 -0.99999999999907885     
   1.6481367358629964E-006 -0.99999999999864186     
   1.8913113173594216E-006 -0.99999999999821143     
   2.0820379639924743E-006 -0.99999999999783251     
   2.2169519004607894E-006 -0.99999999999754252     
   2.2941408101308693E-006 -0.99999999999736844     
   2.3131554071201638E-006 -0.99999999999732470     
   2.2749838755017881E-006 -0.99999999999741218     
   2.1819917056172811E-006 -0.99999999999761946     
   2.0378292675802529E-006 -0.99999999999792366     
   1.8473101945269074E-006 -0.99999999999829370     
   1.6162642870019988E-006 -0.99999999999869382     
   1.3513691817398466E-006 -0.99999999999908695     
   1.0599654426439032E-006 -0.99999999999943823     
   7.4986002175501948E-007 -0.99999999999971889     
   4.2912319943243036E-007 -0.99999999999990796     
   1.0588414510857814E-007 -0.99999999999999445     
  -2.1186985473626121E-007 -0.99999999999997757     
  -5.1648567080758657E-007 -0.99999999999986666     
  -8.0082360596802398E-007 -0.99999999999967937     
  -1.0584196007107335E-006 -0.99999999999943989     
  -1.2836268191415549E-006 -0.99999999999917610     
  -1.4717336597467418E-006 -0.99999999999891698     
  -1.6190558871009088E-006 -0.99999999999868938     
  -1.7230012727331526E-006 -0.99999999999851563     
  -1.7821058476465197E-006 -0.99999999999841205     
  -1.7960415874100622E-006 -0.99999999999838707     
  -1.7655960555966488E-006 -0.99999999999844136     
  -1.6926252056820906E-006 -0.99999999999856748     
  -1.5799811695821853E-006 -0.99999999999875178     
  -1.4314174285430911E-006 -0.99999999999897549     
  -1.2514742567159167E-006 -0.99999999999921696     
  -1.0453477391353421E-006 -0.99999999999945366     
  -8.1874598597926892E-007 -0.99999999999966482     
  -5.7773638834355133E-007 -0.99999999999983313     
  -3.2858788426682200E-007 -0.99999999999994604     
  -7.7612226853878052E-008 -0.99999999999999700     
   1.6899182898493859E-007 -0.99999999999998568     
   4.0528767412848746E-007 -0.99999999999991784     
   6.2573983721969767E-007 -0.99999999999980427     
   8.2533966729692736E-007 -0.99999999999965938     
   9.9971495850146149E-007 -0.99999999999950029     
   1.1452212306813984E-006 -0.99999999999934419     
   1.2590128866021821E-006 -0.99999999999920741     
   1.3390930043139657E-006 -0.99999999999910338     
   1.3843410780560898E-006 -0.99999999999904177     
   1.3945185788718951E-006 -0.99999999999902767     
   1.3702527531136026E-006 -0.99999999999906120     
   1.3129996000959925E-006 -0.99999999999913802     
   1.2249874570831401E-006 -0.99999999999924971     
   1.1091430595306078E-006 -0.99999999999938494     
   9.6900232745502317E-007 -0.99999999999953049     
   8.0860844699497563E-007 -0.99999999999967304     
   6.3240006347960518E-007 -0.99999999999980005     
   4.4509257434579595E-007 -0.99999999999990097     
   2.5155560470479679E-007 -0.99999999999996836     
   5.6689764877617663E-008 -0.99999999999999845     
  -1.3469427066072681E-007 -0.99999999999999090     
  -3.1799145638717065E-007 -0.99999999999994948     
  -4.8891013518099592E-007 -0.99999999999988043     
  -6.4356942056203262E-007 -0.99999999999979294     
  -7.7858407366314684E-007 -0.99999999999969691     
  -8.9113510667175558E-007 -0.99999999999960298     
  -9.7902473862054250E-007 -0.99999999999952072     
  -1.0407147473881330E-006 -0.99999999999945843     
  -1.0753476927428603E-006 -0.99999999999942180     
  -1.0827509183361421E-006 -0.99999999999941380     
  -1.0634236650563544E-006 -0.99999999999943456     
  -1.0185080338962626E-006 -0.99999999999948130     
  -9.4974491398866084E-007 -0.99999999999954903     
  -8.5941633217683638E-007 -0.99999999999963074     
  -7.5027597697545186E-007 -0.99999999999971856     
  -6.2546989588008125E-007 -0.99999999999980438     
  -4.8844955592600642E-007 -0.99999999999988076     
  -3.4287958987672087E-007 -0.99999999999994127     
  -1.9254262265349927E-007 -0.99999999999998146     
  -4.1243584334741659E-008 -0.99999999999999911     
   1.0728413151683867E-007 -0.99999999999999423     
   2.4946840965127831E-007 -0.99999999999996891     
   3.8198195738358585E-007 -0.99999999999992706     
   5.0181775801664107E-007 -0.99999999999987410     
   6.0635478584223061E-007 -0.99999999999981615     
   6.9341261507072833E-007 -0.99999999999975964     
   7.6129386151455524E-007 -0.99999999999971023     
   8.0881372067973515E-007 -0.99999999999967293     
   8.3531620068103108E-007 -0.99999999999965117     
   8.4067698463377980E-007 -0.99999999999964662     
   8.2529318660931973E-007 -0.99999999999965949     
