   2.9999999999999999E-002  -7.6092799260141092E-002  -7.5792819259741101E-002  -7.5372847259181100E-002
   5.9999999999999998E-002 -0.15039573883080420      -0.14950297574047233      -0.14825310740374220     
   8.9999999999999997E-002 -0.22230129900919160      -0.22053264702011049      -0.21805653406582504     
  0.12000000000000000      -0.29122934802550615      -0.28831382335378397      -0.28423208768929775     
  0.14999999999999999      -0.35663090581683143      -0.35231196537230758      -0.34626544400744036     
  0.17999999999999999      -0.41799187704209689      -0.41202961634579482      -0.40368243625030442     
  0.20999999999999999      -0.47483675589339763      -0.46700996690921737      -0.45605242264233076     
  0.23999999999999999      -0.52673227942765521      -0.51684034458050354      -0.50299154568722049     
  0.27000000000000002      -0.57329098105566256      -0.56115557626112922      -0.54416582702338456     
  0.29999999999999999      -0.61417457354807603      -0.59964115118108274      -0.57929402312675193     
  0.32999999999999996      -0.64909707331883437      -0.63203609616704348      -0.60815015436393172     
  0.35999999999999999      -0.67782756636100949      -0.65813546602392403      -0.63056561393800914     
  0.39000000000000001      -0.70019251211287181      -0.67779235007944927      -0.64643076466635896     
  0.41999999999999998      -0.71607748523540249      -0.69091930182545302      -0.65569594024016731     
  0.44999999999999996      -0.72542826667520677      -0.69748911175826689      -0.65837178299834909     
  0.47999999999999998      -0.72825121372475754      -0.69753486303337409      -0.65452887111520808     
  0.51000000000000001      -0.72461286274954728      -0.69114923393824645      -0.64429661281520445     
  0.54000000000000004      -0.71463874603260125      -0.67848303858387127      -0.62786141185355104     
  0.56999999999999995      -0.69851143368500879      -0.65974302552247643      -0.60546413498170559     
  0.59999999999999998      -0.67646784056675291      -0.63518898108490762      -0.57739693646685308     
  0.63000000000000000      -0.64879586452847460      -0.60513020812811102      -0.54399951522138579     
  0.65999999999999992      -0.61583044418295552      -0.56992146996377213      -0.50565489539266850     
  0.68999999999999995      -0.57794914045311585      -0.52995850235233810      -0.46278483054264236     
  0.71999999999999997      -0.53556735548284784      -0.48567320299905931      -0.41584493454319876     
  0.75000000000000000      -0.48913330489773138      -0.43752860796498622      -0.36531963930274641     
  0.78000000000000003      -0.43912285520393196      -0.38601375833049084      -0.31171707117893210     
  0.80999999999999994      -0.38603432816062055      -0.33163854929871334      -0.25556392555639468     
  0.83999999999999997      -0.33038335948990216      -0.27492863900866865      -0.19740040395941147     
  0.87000000000000000      -0.27269788178497806      -0.21642047714046181      -0.13777526171972931     
  0.89999999999999991      -0.21351328253243487      -0.15665649548514904       -7.7240998098154726E-002
  0.92999999999999994      -0.15336776933403476       -9.6180485486054831E-002  -1.6349206191629981E-002
  0.95999999999999996       -9.2797957100569928E-002  -3.5533172616052766E-002   4.4353911962299895E-002
  0.98999999999999999       -3.2334677355439462E-002   2.4752014651799555E-002  0.10433186815309103     
   1.0200000000000000        2.7501001315069558E-002   8.4152991901397051E-002  0.16306205629624743     
   1.0500000000000000        8.6201559673325573E-002  0.14216289677760624       0.22003977451825055     
   1.0800000000000001       0.14327664192267792       0.19829381306189045       0.27478210611582715     
   1.1099999999999999       0.19825651702008490       0.25208035236369825       0.32683165808909714     
   1.1399999999999999       0.25069540181670280       0.30308309819035634       0.37576014712868555     
   1.1699999999999999       0.30017465273340632       0.35089190798797920       0.42117181266916248     
   1.2000000000000000       0.34630582268234983       0.39512905816241856       0.46270662600170581     
   1.2300000000000000       0.38873356885457644       0.43545220616021157       0.50004325459485521     
   1.2600000000000000       0.42713838586424674       0.47155713349781531       0.53290173277429032     
   1.2900000000000000       0.46123912861371913       0.50318022519253003       0.56104578468927413     
   1.3199999999999998       0.49079528107382614       0.53010063524970485       0.58428474375363615     
   1.3499999999999999       0.51560892175682449       0.55214208536839715       0.60247501491941047     
   1.3799999999999999       0.53552633457537657       0.56917424524759630       0.61552103232436961     
   1.4099999999999999       0.55043921534635032       0.58111364791295594       0.62337567481566769     
   1.4399999999999999       0.56028542944001336       0.58792410213275759       0.62604011503345514     
   1.4700000000000000       0.56504928472603588       0.58961657574683890       0.62356309330712589     
   1.5000000000000000       0.56476129548705090       0.58624853783272413       0.61603962453535777     
   1.5300000000000000       0.55949742658984269       0.57792276312799851       0.60360916333993964     
   1.5600000000000001       0.54937782199333440       0.56478561795902760       0.58645326894351468     
   1.5899999999999999       0.53456503662075772       0.54702486202162959       0.56479282535557862     
   1.6199999999999999       0.51526180472752292       0.52486701372664957       0.53888488367387544     
   1.6499999999999999       0.49170839024646107       0.49857433763223330       0.50901920098524622     
   1.6799999999999999       0.46417957444624519       0.46844152013172768       0.47551455413973809     
   1.7100000000000000       0.43298134307897790       0.43479210371605326       0.43871490653878636     
   1.7400000000000000       0.39844733875807670       0.39797475072797928       0.39898550227631685     
   1.7700000000000000       0.36093514460080955       0.35835940478737593       0.35670895500292787     
   1.7999999999999998       0.32082246244139428       0.31633341243826868       0.31228138943973727     
   1.8299999999999998       0.27850324363005780       0.27229765967684944       0.26610868236229435     
   1.8599999999999999       0.23438382319671583       0.22666276860677445       0.21860283796725183     
   1.8899999999999999       0.18887909968537045       0.17984538932507446       0.17017852066788350     
   1.9199999999999999       0.14240879399795306       0.13226461204448517       0.12124975730536781     
   1.9500000000000000        9.5393811835606607E-002   8.4338515110264717E-002   7.2226811156072629E-002
   1.9800000000000000        4.8252726421220409E-002   3.6480856559906405E-002   2.3513222453649514E-002
   2.0099999999999998        1.3983916371830066E-003  -1.0902089356596222E-002  -2.4496995247983246E-002
   2.0400000000000000       -4.4765309125258133E-002  -5.7414553454838146E-002  -7.1422016519189530E-002
   2.0699999999999998       -8.9846576040350387E-002 -0.10267415546940160      -0.11689473752977031     
   2.1000000000000001      -0.13346866647978511      -0.14631465517991010      -0.16056519412452136     
   2.1299999999999999      -0.17527272703134739      -0.18798857354062642      -0.20210287349240472     
   2.1600000000000001      -0.21492047939338121      -0.22736968302912292      -0.24119892333441945     
   2.1899999999999999      -0.25209675213892530      -0.26415536180162857      -0.27756825632549159     
   2.2199999999999998      -0.28651184615227371      -0.29806880100390776      -0.31095154107095607     
   2.2500000000000000      -0.31790371715644350      -0.32886104926841536      -0.34111706422909382     
   2.2799999999999998      -0.34603995468036280      -0.35631287355548324      -0.36786244253918343     
   2.3100000000000001      -0.37071953353456694      -0.38023641155002236      -0.39101615863975409     
   2.3399999999999999      -0.39177431178080752      -0.40047658821125659      -0.41043889118333937     
   2.3700000000000001      -0.40907024860286711      -0.41691226809273008      -0.42602460814492349     
   2.3999999999999999      -0.42250831660012644      -0.42945711587928992      -0.43770139254912654     
   2.4299999999999997      -0.43202508588366995      -0.43806014026543100      -0.44543197213760655     
   2.4600000000000000      -0.43759296186970614      -0.44270590072427857      -0.44921392865736248     
   2.4899999999999998      -0.43922006461857416      -0.44341436265699929      -0.44907956823822337     
   2.5200000000000000      -0.43694974462895875      -0.44024039352582223      -0.44509544139966217     
   2.5499999999999998      -0.43085973775107489      -0.43327290043468042      -0.43736150915679345     
   2.5800000000000001      -0.42106096986489072      -0.42263361775670916      -0.42600996000845182     
   2.6099999999999999      -0.40769602970434721      -0.40847556133541962      -0.41120369080146013     
   2.6399999999999997      -0.39093733524814162      -0.39098117305375329      -0.39313447211655522     
   2.6699999999999999      -0.37098502505697961      -0.37036018578416580      -0.37202082551631799     
   2.6999999999999997      -0.34806461052261922      -0.34684724360744562      -0.34810564542642608     
   2.7300000000000000      -0.32242442802256938      -0.32069931553330955      -0.32165360238927676     
   2.7599999999999998      -0.29433293138259098      -0.29219294270650076      -0.29294836685089237     
   2.7900000000000000      -0.26407586489158347      -0.26162135928972291      -0.26228969355020398     
   2.8199999999999998      -0.23195335555061092      -0.22929152603566677      -0.22999040610966431     
   2.8500000000000001      -0.19827696051680410      -0.19552111323565485      -0.19637331979658190     
   2.8799999999999999      -0.16336670213189497      -0.16063546656196920      -0.16176813791285788     
   2.9099999999999997      -0.12754811884519132      -0.12496458563495774      -0.12650835418443968     
   2.9399999999999999       -9.1149356096913617E-002  -8.8840141276275139E-002  -9.0928190170233236E-002
   2.9699999999999998       -5.4498317142323290E-002  -5.2592553662860322E-002  -5.5359593378834865E-002
   3.0000000000000000       -1.7919890146781081E-002  -1.6548150231908199E-002  -2.0129318709886913E-002
   3.0299999999999998        1.8266735119493560E-002   1.8973580599523414E-002   1.4443886797020029E-002
   3.0600000000000001        5.3750649871518827E-002   5.3662625924758130E-002   4.8051978012612517E-002
   3.0899999999999999        8.8231698435060679E-002   8.7220962419424009E-002   8.0400168186980980E-002
   3.1200000000000001       0.12142283069645510       0.11936493600721862       0.11120933243116084     
   3.1499999999999999       0.15305232546850106       0.14982749516685231       0.14021824333960059     
   3.1799999999999997       0.18286587458507264       0.17836026551470194       0.16718562412361498     
   3.2100000000000000       0.21062851637591104       0.20473545263320780       0.19189200475200746     
   3.2399999999999998       0.23612640585849815       0.22874755941574282       0.21414136679447898     
   3.2700000000000000       0.25916840775452271       0.25021490368273813       0.23376256311818167     
   3.2999999999999998       0.27958749752347883       0.26898092169190946       0.25061049945518321     
   3.3300000000000001       0.29724195520737368       0.28491524358373477       0.26456706625658277     
   3.3599999999999999       0.31201633715747790       0.29791452788996714       0.27554181124497218     
   3.3899999999999997       0.32382221177062886       0.30790304404823043       0.28347234568145008     
   3.4199999999999999       0.33259864724012295       0.31483299440743490       0.28832448052900955     
   3.4499999999999997       0.33831244200047933       0.31868457041261627       0.29009209231926375     
   3.4800000000000000       0.34095809192896515       0.31946574140318440       0.28879672246715510     
   3.5099999999999998       0.34055749231668386       0.31721177857862753       0.28448691784862934     
   3.5400000000000000       0.33715937695132842       0.31198452098139412       0.27723732446172922     
   3.5699999999999998       0.33083850114679014       0.30387139460305368       0.26714754973352051     
   3.5999999999999996       0.32169457998464412       0.29298419972351036       0.25434081233018385     
   3.6299999999999999       0.30985099717832232       0.27945768514884689       0.23896240102167129     
   3.6599999999999997       0.29545330363470707       0.26344793095912344       0.22117796613307039     
   3.6899999999999999       0.27866752780928195       0.24513056359538693       0.20117166831893227     
   3.7199999999999998       0.25967832221698778       0.22469882853926842       0.17914420981362442     
   3.7500000000000000       0.23868697191269803       0.20236154645740057       0.15531077298124962     
   3.7799999999999998       0.21590929138943965       0.17834097853776620       0.12989889000042582     
   3.8100000000000001       0.19157343620836784       0.15287062592410755       0.10314626599794963     
   3.8399999999999999       0.16591765486674734       0.12619298678330867        7.5298576043851373E-002
   3.8699999999999997       0.13918800505875181        9.8557292770648536E-002   4.6607254305924120E-002
   3.8999999999999999       0.11163605674166112        7.0217244653282468E-002   1.7327291503401902E-002
   3.9299999999999997        8.3516602449604266E-002   4.1428764777209151E-002  -1.2284945244790364E-002
   3.9600000000000000        5.5085393257588447E-002   1.2447782068706361E-002  -4.1973857875505616E-002
   3.9899999999999998        2.6596916834174537E-002  -1.6471936523977257E-002  -7.1486717276253456E-002
   4.0199999999999996       -1.6977677492514588E-003  -4.5080895722064862E-002 -0.10057570776740475     
   4.0499999999999998       -2.9553125274465703E-002  -7.3135911427139808E-002 -0.12899990687818230     
   4.0800000000000001       -5.6731157678668369E-002 -0.10040206946332753      -0.15652719124018621     
   4.1099999999999994       -8.3003324200387557E-002 -0.12665459331819934      -0.18293605914932526     
   4.1399999999999997      -0.10815235766397809      -0.15168061068812963      -0.20801735976894145     
   4.1699999999999999      -0.13197396643246448      -0.17528080843707472      -0.23157591817545198     
   4.2000000000000002      -0.15427841161194528      -0.19727096525004290      -0.25343204461298741     
   4.2299999999999995      -0.17489194906179339      -0.21748335092095364      -0.27342291556360615     
   4.2599999999999998      -0.19365812576070757      -0.23576798097948679      -0.29140381369103141     
   4.2900000000000000      -0.21043892020556909      -0.25199371534681786      -0.30724921350262985     
   4.3200000000000003      -0.22511571687436002      -0.26604919001427757      -0.32085369979920453     
   4.3499999999999996      -0.23759010544450174      -0.27784357143718591      -0.33213270671852091     
   4.3799999999999999      -0.24778449647796597      -0.28730712447445672      -0.34102306646480735     
   4.4100000000000001      -0.25564254668980479      -0.29439158629630069      -0.34748335865317148     
   4.4399999999999995      -0.26112938870204905      -0.29907034070678606      -0.35149405354693930     
   4.4699999999999998      -0.26423166231465844      -0.30133838973201460      -0.35305744525345645     
   4.5000000000000000      -0.26495734673631699      -0.30121212202663122      -0.35219737406531210     
   4.5300000000000002      -0.26333539582476007      -0.29872888054734298      -0.34895874046147562     
   4.5599999999999996      -0.25941518108747375      -0.29394633491350236      -0.34340681667463924     
   4.5899999999999999      -0.25326574987931416      -0.28694166679714184      -0.33562636504130189     
   4.6200000000000001      -0.24497490879414360      -0.27781057943672932      -0.32572057544009442     
   4.6499999999999995      -0.23464814458119473      -0.26666614484048273      -0.31380983686733366     
   4.6799999999999997      -0.22240739693678779      -0.25363750434527998      -0.30003036049596904     
   4.7100000000000000      -0.20838969916208275      -0.23886843985935094      -0.28453267334330007     
   4.7400000000000002      -0.19274570389599491      -0.22251583430215924      -0.26748000289494100     
   4.7699999999999996      -0.17563811191357617      -0.20474804045325162      -0.24904657369153854     
   4.7999999999999998      -0.15724002233409529      -0.18574317765127749      -0.22941583700617468     
   4.8300000000000001      -0.13773322254310053      -0.16568737558744642      -0.20877865437704304     
   4.8599999999999994      -0.11730643575158851      -0.14477298387684684      -0.18733145498633835     
   4.8899999999999997       -9.6153543459775115E-002 -0.12319676524262821      -0.16527438578150455     
   4.9199999999999999       -7.4471799237703612E-002 -0.10115808909569551      -0.14280947191546589     
   4.9500000000000002       -5.2460049256772237E-002  -7.8857141120583035E-002 -0.12013880363454646     
   4.9799999999999995       -3.0316973977963704E-002  -5.6493163265370516E-002  -9.7462764255991499E-002
   5.0099999999999998       -8.2393643876828952E-003  -3.4262737347905893E-002  -7.4978312428471069E-002
   5.0400000000000000        1.3579554779061039E-002  -1.2358124385414743E-002  -5.2877330519205408E-002
   5.0699999999999994        3.4951743241662059E-002   9.0343292344089790E-003  -3.1345049761762549E-002
   5.0999999999999996        5.5695893955282544E-002   2.9735708478252437E-002  -1.0558561750378004E-002
   5.1299999999999999        7.5638902247386480E-002   4.9575959748276291E-002   9.3145750184149695E-003
   5.1600000000000001        9.4617245613484849E-002   6.8395225387178224E-002   2.8117625593695295E-002
   5.1899999999999995       0.11247826493588231        8.6045074197550836E-002   4.5705858664701546E-002
   5.2199999999999998       0.12908133832118371       0.10238962004393387        6.1947609502338505E-002
   5.2500000000000000       0.14429893920187342       0.11730652108523300        7.6725219460435673E-002
   5.2799999999999994       0.15801757086098492       0.13068785271227884        8.9935846278875034E-002
   5.3099999999999996       0.17013857016012651       0.14244084788345823       0.10149214002148235     
   5.3399999999999999       0.18057877401614925       0.15248849929651584       0.11132278017157271     
   5.3700000000000001       0.18927104310627874       0.16077001873234223       0.11937287022513209     
   5.3999999999999995       0.19616463839844384       0.16724114996977879       0.12560418708168783     
   5.4299999999999997       0.20122544740146495       0.17187433289840895       0.12999528363881413     
   5.4600000000000000       0.20443605849297045       0.17465871783448561       0.13254144423777850     
   5.4900000000000002       0.20579568328223088       0.17560003054647050       0.13325449396296929     
   5.5199999999999996       0.20531992865996140       0.17472029008347092       0.13216246423438441     
   5.5499999999999998       0.20304042192842628       0.17205738312676477       0.12930911861122030     
   5.5800000000000001       0.19900429413869064       0.16766450020182302       0.12475334420187313     
   5.6099999999999994       0.19327352843211923       0.16160944064517935       0.11856841550691725     
   5.6399999999999997       0.18592418173723654       0.15397379466926772       0.11084113886457961     
   5.6699999999999999       0.17704548956383512       0.14485201216692922       0.10167088688569631     
   5.7000000000000002       0.16673886482565514       0.13435036901210723        9.1168533327285042E-002
   5.7299999999999995       0.15511680258400648       0.12258584252100505        7.9455299739768739E-002
   5.7599999999999998       0.14230170332258751       0.10968490842657258        6.6661525921245121E-002
   5.7900000000000000       0.12842462783622591        9.5782272187759782E-002   5.2925376721268402E-002
   5.8199999999999994       0.11362399705292608        8.1019547713067838E-002   3.8391498063332287E-002
   5.8499999999999996        9.8044250129392940E-002   6.5543896643922447E-002   2.3209635213751023E-002
   5.8799999999999999        8.1834473993191048E-002   4.9506641242341339E-002   7.5332263342652965E-003
   5.9100000000000001        6.5147017183475348E-002   3.3061863688495320E-002  -8.4820157612493785E-003
   5.9399999999999995        4.8136100403005866E-002   1.6365004247800564E-002  -2.4679520946188280E-002
   5.9699999999999998        3.0956435672919353E-002  -4.2852965619691319E-004  -4.0903265819794705E-002
   6.0000000000000000        1.3761865411601175E-002  -1.7164731901348353E-002  -5.6999152415041637E-002
   6.0299999999999994       -3.2959678319572153E-003  -3.3692332601444143E-002  -7.2816349964010027E-002
   6.0599999999999996       -2.0068910850371144E-002  -4.9864088977981502E-002  -8.8208588570314966E-002
   6.0899999999999999       -3.6413538891989158E-002  -6.5538022158490070E-002 -0.10303539414086053     
   6.1200000000000001       -5.2192335409787030E-002  -8.0578590424661908E-002 -0.11716325447670761     
   6.1499999999999995       -6.7274803976641234E-002  -9.4857789979811230E-002 -0.13046670702287821     
   6.1799999999999997       -8.1538504428292274E-002 -0.10825617487447320      -0.14282933944019910     
   6.2100000000000000       -9.4870005829832710E-002 -0.12066378833530822      -0.15414469490072233     
   6.2400000000000002      -0.10716574941814520      -0.13198099840149638      -0.16431707483311164     
   6.2699999999999996      -0.11833281526991625      -0.14211923149958516      -0.17326223276440059     
   6.2999999999999998      -0.12828958710043420      -0.15100159839496011      -0.18090795392430001     
   6.3300000000000001      -0.13696631032738313      -0.15856340785427275      -0.18719451639686982     
   6.3599999999999994      -0.14430553934689341      -0.16475256434132063      -0.19207503081463956     
   6.3899999999999997      -0.15026247087113126      -0.16952984714571168      -0.19551565687827505     
   6.4199999999999999      -0.15480516116613804      -0.17286906949913444      -0.19749569633033143     
   6.4500000000000002      -0.15791462609714263      -0.17475711745169697      -0.19800756338857314     
   6.4799999999999995      -0.15958482402137963      -0.17519386953836114      -0.19705663502250609     
   6.5099999999999998      -0.15982252274508826      -0.17419199953625228      -0.19466098480320929     
   6.5400000000000000      -0.15864705295693032      -0.17177666586790843      -0.19085100533757435     
   6.5699999999999994      -0.15608995173674875      -0.16798509241257847      -0.18566892548121824     
   6.5999999999999996      -0.15219450088744046      -0.16286604661749862      -0.17916822958039330     
   6.6299999999999999      -0.14701516592045460      -0.15647922182629395      -0.17141298689788734     
   6.6600000000000001      -0.14061694251613585      -0.14889453163911937      -0.16247710011322389     
   6.6899999999999995      -0.13307461815677557      -0.14019132487124217      -0.15244348234276173     
   6.7199999999999998      -0.12447195737581777      -0.13045753027224169      -0.14140317249759909     
   6.7500000000000000      -0.11490081967001764      -0.11978874060241992      -0.12945439899121242     
   6.7799999999999994      -0.10446021957743386      -0.10828724593866276      -0.11670160183628074     
   6.8099999999999996       -9.3255338733944260E-002  -9.6061026207333616E-002 -0.10325442304901140     
   6.8399999999999999       -8.1396499890989654E-002  -8.3222712930548629E-002  -8.9226675032047439E-002
   6.8700000000000001       -6.8998112918558924E-002  -6.9888530042128361E-002  -7.4735296259366132E-002
   6.8999999999999995       -5.6177602744572980E-002  -5.6177223400984237E-002  -5.9899303165530098E-002
   6.9299999999999997       -4.3054329011497534E-002  -4.2208988324082070E-002  -4.4838746673963439E-002
   6.9600000000000000       -2.9748506980694700E-002  -2.8104404099404297E-002  -2.9673681309421152E-002
   6.9899999999999993       -1.6380138901681378E-002  -1.3983384040692753E-002  -1.4523154350029840E-002
   7.0199999999999996       -3.0679647024063478E-003   3.5850773535593683E-005   4.9577799863549654E-004
   7.0499999999999998        1.0071559539376919E-002   1.3837766361633606E-002   1.5269000868956413E-002
   7.0800000000000001        2.2925247305048344E-002   2.7310472013367441E-002   2.9686251306129563E-002
   7.1099999999999994        3.5384123926688514E-002   4.0346630912920234E-002   4.3641983394217994E-002
   7.1399999999999997        4.7344318321409895E-002   5.2844318765603825E-002   5.7036182514110349E-002
   7.1699999999999999        5.8707897503959550E-002   6.4707824403606312E-002   6.9775123628546876E-002
   7.1999999999999993        6.9383637709278467E-002   7.5848386773527038E-002   8.1772068790954847E-002
   7.2299999999999995        7.9287726478744741E-002   8.6184863152125965E-002   9.2947899377515492E-002
   7.2599999999999998        8.8344390617694696E-002   9.5644323906432793E-002  0.10323167886066600     
   7.2900000000000000        9.6486445523406655E-002  0.10416256961969703       0.11256114229193125     
   7.3199999999999994       0.10365576201694796       0.11168456695391940       0.12088310905599678     
   7.3499999999999996       0.10980364749220517       0.11816480021900608       0.12815381590725203     
   7.3799999999999999       0.11489113892163158       0.12356753627112692       0.13433916781232444     
   7.4100000000000001       0.11888920602841345       0.12786700106842189       0.13941490470115878     
   7.4399999999999995       0.12177886374340623       0.13104746696693051       0.14336668287449514     
   7.4699999999999998       0.12355119390377949       0.13310325063606998       0.14619007052240832     
   7.5000000000000000       0.12420727700752329       0.13403862230043098       0.14789045756808208     
   7.5299999999999994       0.12375803570025327       0.13386762785963033       0.14848288085084377     
   7.5599999999999996       0.12222399252300030       0.13261382628497995       0.14799176648746151     
   7.5899999999999999       0.11963494527603762       0.13030994552416533       0.14645059208359285     
   7.6200000000000001       0.11602956413855552       0.12699746094609204       0.14390147228980690     
   7.6499999999999995       0.11145491541237566       0.12272610111132018       0.14039467199043690     
   7.6799999999999997       0.10596591741686261       0.11755328634431413       0.13598805216115334     
   7.7100000000000000        9.9624734641050455E-002  0.11154350619950403       0.13074645411674501     
   7.7399999999999993        9.2500116749876640E-002  0.10476764244400295       0.12474102848064757     
   7.7699999999999996        8.4666689439479886E-002   9.7302244618877196E-002  0.11804851573157070     
   7.7999999999999998        7.6204204440051326E-002   8.9228765584376146E-002  0.11075048561253067     
   7.8300000000000001        6.7196756174939323E-002   8.0632764701766446E-002  0.10293254301922121     
   7.8599999999999994        5.7731972705407544E-002   7.1603086457393342E-002   9.4683508216494752E-002
   7.8899999999999997        4.7900188627546150E-002   6.2231022397631203E-002   8.6094579365034021E-002
   7.9199999999999999        3.7793607548774047E-002   5.2609464222572302E-002   7.7258485378613337E-002
   7.9499999999999993        2.7505461664468212E-002   4.2832055788906143E-002   6.8268637081008846E-002
   7.9799999999999995        1.7129175789090262E-002   3.2992351606302456E-002   5.9218284497175609E-002
   8.0099999999999998        6.7575429789973208E-003   2.3182989184596440E-002   5.0199687903038227E-002
   8.0399999999999991       -3.5180813766502173E-003   1.3494882308595310E-002   4.1303309979630491E-002
   8.0700000000000003       -1.3608560418600384E-002   4.0164419899767888E-003   3.2617036077691230E-002
   8.0999999999999996       -2.3427725386218033E-002  -5.1671685229173481E-003   2.4225429205039228E-002
   8.1299999999999990       -3.2893088004423969E-002  -1.3974738702161845E-002   1.6209025907342835E-002
   8.1600000000000001       -4.1926510188228266E-002  -2.2329670128127477E-002   8.6436787288148090E-003
   8.1899999999999995       -5.0454825977905141E-002  -3.0160585242428720E-002   1.5999504178160553E-003
   8.2199999999999989       -5.8410411058267532E-002  -3.7401880900018350E-002  -4.8574355122369744E-003
   8.2500000000000000       -6.5731695683310276E-002  -4.3994222682407172E-002  -1.0670083839772811E-002
   8.2799999999999994       -7.2363617323445747E-002  -4.9884976488597223E-002  -1.5786352891249609E-002
   8.3100000000000005       -7.8258009877040000E-002  -5.5028574499911782E-002  -2.0161713207100938E-002
   8.3399999999999999       -8.3373926840602394E-002  -5.9386813217106829E-002  -2.3759037472974181E-002
   8.3699999999999992       -8.7677896411337733E-002  -6.2929081889683602E-002  -2.6548820227799780E-002
   8.4000000000000004       -9.1144107099073654E-002  -6.5632520293880364E-002  -2.8509326521504716E-002
   8.4299999999999997       -9.3754523047627714E-002  -6.7482105461999453E-002  -2.9626669355447166E-002
   8.4599999999999991       -9.5498928902841437E-002  -6.8470667615089839E-002  -2.9894816391118989E-002
   8.4900000000000002       -9.6374904708823456E-002  -6.8598836196243157E-002  -2.9315527050207641E-002
   8.5199999999999996       -9.6387731957354394E-002  -6.7874917534929413E-002  -2.7898221744469473E-002
   8.5499999999999989       -9.5550232549072120E-002  -6.6314706285626704E-002  -2.5659785559918574E-002
   8.5800000000000001       -9.3882543039729704E-002  -6.3941233368244185E-002  -2.2624309269875183E-002
   8.6099999999999994       -9.1411827131256104E-002  -6.0784453685638333E-002  -1.8822771059432357E-002
   8.6400000000000006       -8.8171929916728523E-002  -5.6880877397750433E-002  -1.4292662804824358E-002
   8.6699999999999999       -8.4202977892667979E-002  -5.2273148986450482E-002  -9.0775651610919723E-003
   8.6999999999999993       -7.9550929204423221E-002  -4.7009578745229957E-002  -3.2266760676859831E-003
   8.7300000000000004       -7.4267078985336382E-002  -4.1143631670040155E-002   3.2057024170906775E-003
   8.7599999999999998       -6.8407524983979964E-002  -3.4733379009908347E-002   1.0160713795659467E-002
   8.7899999999999991       -6.2032598943743557E-002  -2.7840917958030530E-002   1.7575527975235969E-002
   8.8200000000000003       -5.5206269404759686E-002  -2.0531765126733510E-002   2.5383947786179344E-002
   8.8499999999999996       -4.7995521740398721E-002  -1.2874229555076283E-002   3.3517035592492056E-002
   8.8799999999999990       -4.0469721321424235E-002  -4.9387710488893004E-003   4.1903754365777091E-002
   8.9100000000000001       -3.2699965723494241E-002   3.2026503466720535E-003   5.0471617589137430E-002
   8.9399999999999995       -2.4758431861866562E-002   1.1477227988527723E-002   5.9147342390897625E-002
   8.9699999999999989       -1.6717723855190634E-002   1.9811959726885375E-002   6.7857500376463722E-002
   9.0000000000000000       -8.6502272925538873E-003   2.8134290910593218E-002   7.6529160727491996E-002
   9.0299999999999994       -6.2747540878781149E-004   3.6372743935159282E-002   8.5090520268892744E-002
   9.0600000000000005        7.2804675336119937E-003   4.4457529159093651E-002   9.3471515364906055E-002
   9.0899999999999999        1.5005600598248330E-002   5.2321132242124577E-002  0.10160441069516994     
   9.1199999999999992        2.2482553478275939E-002   5.9898873215956570E-002  0.10942436018066547     
   9.1500000000000004        2.9649122263943565E-002   6.7129432883586027E-002  0.11686993557848951     
   9.1799999999999997        3.6446769515799476E-002   7.3955342456196949E-002  0.12388361854471949     
   9.2099999999999991        4.2821084837593212E-002   8.0323432676989270E-002  0.13041225227738787     
   9.2400000000000002        4.8722202519361248E-002   8.6185239048635023E-002  0.13640744919775366     
   9.2699999999999996        5.4105173220395465E-002   9.1497360174901080E-002  0.14182595150811819     
   9.2999999999999989        5.8930287082374182E-002   9.6221766646395201E-002  0.14662994187810147     
   9.3300000000000001        6.3163346103173562E-002  0.10032605834384369       0.15078730195731591     
   9.3599999999999994        6.6775884059582499E-002  0.10378366849750020       0.15427181688836303     
   9.3899999999999988        6.9745332739534455E-002  0.10657401332506238       0.15706332449642657     
   9.4199999999999999        7.2055133728108317E-002  0.10868258656879284       0.15914780835561210     
   9.4499999999999993        7.3694795482334777E-002  0.11010099876050845       0.16051743447159908     
   9.4800000000000004        7.4659895923057815E-002  0.11082696155505420       0.16117053186813579     
   9.5099999999999998        7.4952031262504215E-002  0.11086421798255304       0.16111151791363762     
   9.5399999999999991        7.4578712268200731E-002  0.11022241997044950       0.16035076976535348     
   9.5700000000000003        7.3553209631644426E-002  0.10891695497130235       0.15890444383373917     
   9.5999999999999996        7.1894350557881057E-002  0.10696872399467271       0.15679424567044314     
   9.6299999999999990        6.9626269114296660E-002  0.10440387377487255       0.15404715315173140     
   9.6600000000000001        6.6778113268307224E-002  0.10125348620492905       0.15069509625805860     
   9.6899999999999995        6.3383711899660217E-002   9.7553228525800714E-002  0.14677459713364013     
   9.7199999999999989        5.9481205389893307E-002   9.3342968074504887E-002  0.14232637444230151     
   9.7500000000000000        5.5112643666121772E-002   8.8666355662278901E-002  0.13739491631392622     
   9.7799999999999994        5.0323555806634182E-002   8.3570381872193650E-002  0.13202802639724048     
   9.8100000000000005        4.5162495500557003E-002   7.8104910733854907E-002  0.12627634769861515     
   9.8399999999999999        3.9680566792762259E-002   7.2322195351081781E-002  0.12019286899349954     
   9.8699999999999992        3.3930934638687155E-002   6.6276380127797505E-002  0.11383241864869782     
   9.9000000000000004        2.7968324842940630E-002   6.0022994259639084E-002  0.10725115069262783     
   9.9299999999999997        2.1848517962167534E-002   5.3618441136455287E-002  0.10050602792044722     
   9.9599999999999991        1.5627841718709738E-002   4.7119488236822119E-002   9.3654306725542480E-002
   9.9900000000000002        9.3626663994896987E-003   4.0582761993139545E-002   8.6753028212751104E-002
   10.020000000000000        3.1089076067187570E-003   3.4064251968065985E-002   7.9858519976350836E-002
   10.049999999999999       -3.0784594140142799E-003   2.7618828513244990E-002   7.3025912721767144E-002
   10.080000000000000       -9.1458698145758278E-003   2.1299777882582274E-002   6.6308675678359019E-002
   10.109999999999999       -1.5041619700730070E-002   1.5158358547620179E-002   5.9758174495453689E-002
   10.139999999999999       -2.0716293577672493E-002   9.2433822144471038E-003   5.3423255038507575E-002
   10.170000000000000       -2.6123165309360513E-002   3.6008227724221471E-003   4.7349856209931117E-002
   10.199999999999999       -3.1218569490149135E-002  -1.7265438830952476E-003   4.1580654612361358E-002
   10.230000000000000       -3.5962240421825394E-002  -6.6994665169149556E-003   3.6154743553245709E-002
   10.260000000000000       -4.0317616202704368E-002  -1.1282509392268519E-002   3.1107348560448451E-002
   10.289999999999999       -4.4252105766117114E-002  -1.5444305298000605E-002   2.6469581240926771E-002
   10.320000000000000       -4.7737317051343278E-002  -1.9157769126779904E-002   2.2268232969931287E-002
   10.350000000000000       -5.0749244848549049E-002  -2.2400270721206587E-002   1.8525609548235084E-002
   10.379999999999999       -5.3268417228042424E-002  -2.5153766066893065E-002   1.5259407611206127E-002
   10.410000000000000       -5.5279999840306585E-002  -2.7404886278788343E-002   1.2482633217869181E-002
   10.440000000000000       -5.6773857753669409E-002  -2.9144984196536345E-002   1.0203562692398922E-002
   10.469999999999999       -5.7744574877680095E-002  -3.0370138773585093E-002   8.4257454369041224E-003
   10.500000000000000       -5.8191431398627619E-002  -3.1081117809952728E-002   7.1480480852807596E-003
   10.529999999999999       -5.8118340025320979E-002  -3.1283299936690864E-002   6.3647390259099074E-003
   10.559999999999999       -5.7533742204355760E-002  -3.0986557107746424E-002   6.0656119887950227E-003
   10.590000000000000       -5.6450465810737149E-002  -3.0205099188671255E-002   6.2361470732180610E-003
   10.619999999999999       -5.4885546148171191E-002  -2.8957282548093734E-002   6.8577072880328166E-003
   10.650000000000000       -5.2860012400062682E-002  -2.7265384853839360E-002   7.9077683911567311E-003
   10.680000000000000       -5.0398641954090224E-002  -2.5155348548104001E-002   9.3601795504102206E-003
   10.709999999999999       -4.7529685277399800E-002  -2.2656495722498657E-002   1.1185452107149791E-002
   10.740000000000000       -4.4284564243675446E-002  -1.9801217331834674E-002   1.3351073509466776E-002
   10.770000000000000       -4.0697547005833924E-002  -1.6624639873358979E-002   1.5821843295107729E-002
   10.799999999999999       -3.6805402667607207E-002  -1.3164272814381588E-002   1.8560227847415237E-002
   10.830000000000000       -3.2647039133108173E-002  -9.4596401749125047E-003   2.1526730521833605E-002
   10.859999999999999       -2.8263127605407883E-002  -5.5518997625254090E-003   2.4680273646858732E-002
   10.889999999999999       -2.3695717263430997E-002  -1.4834536140828592E-003   2.7978588842354761E-002
   10.920000000000000       -1.8987843671740563E-002   2.7024467765495103E-003   3.1378612070182145E-002
   10.949999999999999       -1.4183134471007632E-002   6.9620968735254023E-003   3.4836879837019802E-002
   10.980000000000000       -9.3254158593782943E-003   1.1251733624849408E-002   3.8309923006740770E-002
   11.010000000000000       -4.4583233079876069E-003   1.5527924636853891E-002   4.1754654749046875E-002
   11.039999999999999        3.7508014091703831E-004   1.9747948634078714E-002   4.5128749251346280E-002
   11.070000000000000        5.1326747657549588E-003   2.3870163967980432E-002   4.8391007950870146E-002
   11.100000000000000        9.7736411652916844E-003   2.7854362090782247E-002   5.1501710202336431E-002
   11.129999999999999        1.4258800452523883E-002   3.1662103088232883E-002   5.4422945481406325E-002
   11.160000000000000        1.8550934918506356E-002   3.5257030565322707E-002   5.7118924433839174E-002
   11.190000000000000        2.2615086650710978E-002   3.8605163400252128E-002   5.9556266312503922E-002
   11.219999999999999        2.6418831817057530E-002   4.1675162122183786E-002   6.1704260596891970E-002
   11.250000000000000        2.9932528569235860E-002   4.4438567925428683E-002   6.3535100859916802E-002
   11.279999999999999        3.3129536775511066E-002   4.6870012604465473E-002   6.5024089231787818E-002
   11.309999999999999        3.5986408061935947E-002   4.8947397978166586E-002   6.6149810107618168E-002
   11.340000000000000        3.8483044919735795E-002   5.0652043665242473E-002   6.6894272051003137E-002
   11.369999999999999        4.0602827923391399E-002   5.1968802373503993E-002   6.7243017156783144E-002
   11.400000000000000        4.2332710396293209E-002   5.2886142170233942E-002   6.7185197449180403E-002
   11.430000000000000        4.3663280156298362E-002   5.3396195506795134E-002   6.6713618203023961E-002
   11.459999999999999        4.4588788269491121E-002   5.3494775074555162E-002   6.5824748382424733E-002
   11.490000000000000        4.5107145034224881E-002   5.3181356868222777E-002   6.4518698689680173E-002
   11.520000000000000        4.5219883706346831E-002   5.2459031123742068E-002   6.2799168004179048E-002
   11.549999999999999        4.4932092757596145E-002   5.1334422078040010E-002   6.0673359263660812E-002
   11.580000000000000        4.4252317729781540E-002   4.9817577764380346E-002   5.8151866095661281E-002
   11.609999999999999        4.3192434004837105E-002   4.7921831307257447E-002   5.5248531742987564E-002
   11.639999999999999        4.1767492052728512E-002   4.5663635412343279E-002   5.1980282041632922E-002
   11.670000000000000        3.9995536943140772E-002   4.3062371957959471E-002   4.8366934401105482E-002
   11.699999999999999        3.7897404110878101E-002   4.0140138783204035E-002   4.4430984904576212E-002
   11.730000000000000        3.5496493547189423E-002   3.6921515932901404E-002   4.0197375788858472E-002
   11.760000000000000        3.2818524748357197E-002   3.3433313760017604E-002   3.5693245681741224E-002
   11.789999999999999        2.9891274887742271E-002   2.9704305401510468E-002   3.0947665066729753E-002
   11.820000000000000        2.6744302787288819E-002   2.5764946233537277E-002   2.5991359513269606E-002
   11.850000000000000        2.3408661348814898E-002   2.1647082976611848E-002   2.0856423254804524E-002
   11.879999999999999        1.9916601164113024E-002   1.7383655161067248E-002   1.5576025718548804E-002
   11.910000000000000        1.6301268056114593E-002   1.3008391678659010E-002   1.0184113610809894E-002
   11.940000000000000        1.2596397311543290E-002   8.5555051381538960E-003   4.7151111413596056E-003
   11.969999999999999        8.8360073492287777E-003   4.0593867122572539E-003  -7.9637906894985174E-004
   12.000000000000000        5.0540955283945536E-003  -4.4569588868808435E-004  -6.3158719100735285E-003
   12.029999999999999        1.2843387387482209E-003  -4.9258947530049909E-003  -1.1809290120230520E-002
   12.059999999999999       -2.4401986698113390E-003  -9.3480699420749463E-003  -1.7243246713497168E-002
   12.090000000000000       -6.0873471643983074E-003  -1.3680067140136386E-002  -2.2585317274710789E-002
   12.119999999999999       -9.6261021831772781E-003  -1.7890982542752808E-002  -2.7804300014602081E-002
   12.150000000000000       -1.3026879977252437E-002  -2.1951412888695111E-002  -3.2870461606096989E-002
   12.180000000000000       -1.6261757108823424E-002  -2.5833688695805216E-002  -3.7755766962264743E-002
   12.209999999999999       -1.9304691746253756E-002  -2.9512088930375869E-002  -4.2434091266739048E-002
   12.240000000000000       -2.2131725082239744E-002  -3.2963035520470974E-002  -4.6881412727939539E-002
   12.270000000000000       -2.4721161398532334E-002  -3.6165266315155618E-002  -5.1075984698403500E-002
   12.299999999999999       -2.7053725507991597E-002  -3.9099985292475728E-002  -5.4998485979292661E-002
   12.330000000000000       -2.9112696520409685E-002  -4.1750989027813323E-002  -5.8632148316876673E-002
   12.359999999999999       -3.0884017100710957E-002  -4.4104768649440448E-002  -6.1962860291608718E-002
   12.389999999999999       -3.2356377614940840E-002  -4.6150586728093322E-002  -6.4979247000253523E-002
   12.420000000000000       -3.3521274788931493E-002  -4.7880528770473926E-002  -6.7672725136196182E-002
   12.449999999999999       -3.4373044734669601E-002  -4.9289529210942262E-002  -7.0037533281173819E-002
   12.480000000000000       -3.4908870428136625E-002  -5.0375372019385023E-002  -7.2070737431683699E-002
   12.510000000000000       -3.5128763947675196E-002  -5.1138666264361914E-002  -7.3772211993524239E-002
   12.539999999999999       -3.5035524001696718E-002  -5.1582797187124989E-002  -7.5144596686475967E-002
   12.570000000000000       -3.4634669486764531E-002  -5.1713853551953348E-002  -7.6193230006076668E-002
   12.600000000000000       -3.3934350019815908E-002  -5.1540532239445755E-002  -7.6926060088766318E-002
   12.629999999999999       -3.2945234579679225E-002  -5.1074021240029049E-002  -7.7353534018324094E-002
   12.660000000000000       -3.1680379571389458E-002  -5.0327862383132818E-002  -7.7488466793458388E-002
   12.690000000000000       -3.0155077790556983E-002  -4.9317795301546570E-002  -7.7345891346673273E-002
   12.719999999999999       -2.8386689912837978E-002  -4.8061584278879542E-002  -7.6942891161261892E-002
   12.750000000000000       -2.6394460264230979E-002  -4.6578829759441678E-002  -7.6298417174759187E-002
   12.779999999999999       -2.4199318740540553E-002  -4.4890766413131701E-002  -7.5433090781903175E-002
   12.809999999999999       -2.1823670838186850E-002  -4.3020049742158076E-002  -7.4368994856803969E-002
   12.840000000000000       -1.9291177833103357E-002  -4.0990533290973366E-002  -7.3129454801540705E-002
   12.869999999999999       -1.6626529199478313E-002  -3.8827038575255865E-002  -7.1738811696000340E-002
   12.900000000000000       -1.3855209395489752E-002  -3.6555119879944191E-002  -7.0222189670901936E-002
   12.930000000000000       -1.1003261159088232E-002  -3.4200826090267998E-002  -6.8605259652350661E-002
   12.959999999999999       -8.0970474536010036E-003  -3.1790461713682959E-002  -6.6914001631934922E-002
   12.990000000000000       -5.1630141809347659E-003  -2.9350349225069287E-002  -6.5174467601564701E-002
   13.020000000000000       -2.2274557400518620E-003  -2.6906594823130195E-002  -6.3412547257438195E-002
   13.049999999999999        6.8371454907690784E-004  -2.4484859623428949E-002  -6.1653738523419856E-002
   13.080000000000000        3.5451872098344861E-003  -2.2110138233872104E-002  -5.9922924871614477E-002
   13.109999999999999        6.3324707050026116E-003  -1.9806546562748564E-002  -5.8244161328107225E-002
   13.139999999999999        9.0220951119884332E-003  -1.7597120598841887E-002  -5.6640470945930506E-002
   13.170000000000000        1.1591803742314655E-002  -1.5503627778913422E-002  -5.5133653406671125E-002
   13.199999999999999        1.4020731200319308E-002  -1.3546392421351725E-002  -5.3744107278204313E-002
   13.229999999999999        1.6289566516920005E-002  -1.1744136557413803E-002  -5.2490667310382287E-002
   13.260000000000000        1.8380700144953872E-002  -1.0113837334716651E-002  -5.1390457994723270E-002
   13.289999999999999        2.0278353761652695E-002  -8.6706020029940038E-003  -5.0458764449904339E-002
   13.320000000000000        2.1968691989842949E-002  -7.4275613211715625E-003  -4.9708921523847656E-002
   13.350000000000000        2.3439915321010859E-002  -6.3957820491209105E-003  -4.9152221827106157E-002
   13.379999999999999        2.4682333698937155E-002  -5.5841990086365062E-003  -4.8797843232809120E-002
   13.410000000000000        2.5688420400640958E-002  -4.9995670178548468E-003  -4.8652796197303776E-002
   13.440000000000000        2.6452846030306360E-002  -4.6464328231112101E-003  -4.8721891074485019E-002
   13.469999999999999        2.6972492620113715E-002  -4.5271269737004348E-003  -4.9007725417255621E-002
   13.500000000000000        2.7246448007875332E-002  -4.6417754097333192E-003  -4.9510691083157636E-002
   13.529999999999999        2.7275980833515706E-002  -4.9883303627741371E-003  -5.0229000789452617E-002
   13.559999999999999        2.7064496663208270E-002  -5.5626200046573603E-003  -5.1158733597208794E-002
   13.590000000000000        2.6617475909908896E-002  -6.3584161231848933E-003  -5.2293898645590822E-002
   13.619999999999999        2.5942394370710466E-002  -7.3675189555804741E-003  -5.3626516307760892E-002
   13.650000000000000        2.5048627343576067E-002  -8.5798581727985004E-003  -5.5146715799693248E-002
   13.680000000000000        2.3947338417395169E-002  -9.9836088811080144E-003  -5.6842848143772592E-002
   13.709999999999999        2.2651354148877933E-002  -1.1565321392730140E-002  -5.8701613271169739E-002
   13.740000000000000        2.1175025946626874E-002  -1.3310063415494788E-002  -6.0708199941419988E-002
   13.770000000000000        1.9534080576019963E-002  -1.5201573223161281E-002  -6.2846437065015512E-002
   13.799999999999999        1.7745460777676730E-002  -1.7222422293737296E-002  -6.5098954935683684E-002
   13.830000000000000        1.5827157556787930E-002  -1.9354185843212322E-002  -6.7447354813765847E-002
   13.859999999999999        1.3798035750155840E-002  -2.1577619636843542E-002  -6.9872385251038630E-002
   13.889999999999999        1.1677654512255622E-002  -2.3872841429607536E-002  -7.2354123510621121E-002
   13.920000000000000        9.4860843809757029E-003  -2.6219515371651569E-002  -7.4872160413380240E-002
   13.949999999999999        7.2437225880542236E-003  -2.8597037713415412E-002  -7.7405786934475182E-002
   13.979999999999999        4.9711082688578719E-003  -3.0984722158310572E-002  -7.9934180880273487E-002
   14.010000000000000        2.6887392014285933E-003  -3.3361983238094702E-002  -8.2436591996629269E-002
   14.039999999999999        4.1689166614353439E-004  -3.5708516126926451E-002  -8.4892523894161728E-002
   14.070000000000000       -1.8245550345140841E-003  -3.8004471363998205E-002  -8.7281911224335235E-002
   14.100000000000000       -4.0162879210074070E-003  -4.0230623021002707E-002  -8.9585290601355200E-002
   14.129999999999999       -6.1397221478061478E-003  -4.2368528928796299E-002  -9.1783963838604890E-002
   14.160000000000000       -8.1771539688666652E-003  -4.4400681666696640E-002  -9.3860152153901852E-002
   14.190000000000000       -1.0111903643240491E-002  -4.6310649117042517E-002  -9.5797140094500632E-002
   14.219999999999999       -1.1928447172915125E-002  -4.8083203496021069E-002  -9.7579408039663473E-002
   14.250000000000000       -1.3612535879459176E-002  -4.9704437888334979E-002  -9.9192752254811875E-002
   14.279999999999999       -1.5151302947509476E-002  -5.1161869436977148E-002 -0.10062439159571561     
   14.309999999999999       -1.6533356190480710E-002  -5.2444528469077364E-002 -0.10186306009272890     
   14.340000000000000       -1.7748856425939992E-002  -5.3543032973302547E-002 -0.10289908478251329     
   14.369999999999999       -1.8789580983680228E-002  -5.4449647982402913E-002 -0.10372444829668634     
   14.399999999999999       -1.9648972007433717E-002  -5.5158329554930823E-002 -0.10433283586202106     
   14.430000000000000       -2.0322169350162893E-002  -5.5664753191623638E-002 -0.10471966651376334     
   14.459999999999999       -2.0806028001715344E-002  -5.5966326663125864E-002 -0.10488210847086214     
   14.490000000000000       -2.1099120125107524E-002  -5.6062187365320267E-002 -0.10481907876793925     
   14.520000000000000       -2.1201721912595995E-002  -5.5953184455246281E-002 -0.10453122738217605     
   14.549999999999999       -2.1115785603826563E-002  -5.5641846153146213E-002 -0.10402090623252250     
   14.580000000000000       -2.0844897134582846E-002  -5.5132332723378322E-002 -0.10329212356232895     
   14.609999999999999       -2.0394220004904477E-002  -5.4430375767623183E-002 -0.10235048434334683     
   14.639999999999999       -1.9770426068596629E-002  -5.3543204576913563E-002 -0.10120311745780458     
   14.670000000000000       -1.8981614051471293E-002  -5.2479460393563930E-002  -9.9858590524825694E-002
   14.699999999999999       -1.8037216702199859E-002  -5.1249099529192356E-002  -9.8326813336830882E-002
   14.729999999999999       -1.6947897566667730E-002  -4.9863286369962928E-002  -9.6618930959916569E-002
   14.760000000000000       -1.5725438453560951E-002  -4.8334277374298990E-002  -9.4747207628837052E-002
   14.789999999999999       -1.4382618725048557E-002  -4.6675297231127552E-002  -9.2724902631614814E-002
   14.820000000000000       -1.2933087601432330E-002  -4.4900408397841797E-002  -9.0566139430595965E-002
   14.850000000000000       -1.1391230712212272E-002  -4.3024375276371832E-002  -8.8285769305750286E-002
   14.879999999999999       -9.7720321579698264E-003  -4.1062524312923711E-002  -8.5899230832142057E-002
   14.910000000000000       -8.0909333677226039E-003  -3.9030601322093558E-002  -8.3422406516865666E-002
   14.940000000000000       -6.3636900449833842E-003  -3.6944627339316291E-002  -8.0871477921583695E-002
   14.969999999999999       -4.6062284927958488E-003  -3.4820754297204964E-002  -7.8262780585488051E-002
   15.000000000000000       -2.8345025937520450E-003  -3.2675121801612667E-002  -7.5612660040491858E-002
