   2.9999999999999999E-002  0.25951660382134517       0.25952560322135715       0.25953820238137398     
   5.9999999999999998E-002  0.25500473165642107       0.25504051394914296       0.25509060915926174     
   8.9999999999999997E-002  0.24833569268614533       0.24842453453853963       0.24854891313728700     
  0.12000000000000000       0.23959881224538015       0.23977511983792613       0.24002195050660807     
  0.14999999999999999       0.22889988507087522       0.22920576087675690       0.22963398718638486     
  0.17999999999999999       0.21636012875961230       0.21684487238638306       0.21752351409887574     
  0.20999999999999999       0.20211502608281037       0.20283457337910654       0.20384194141960582     
  0.23999999999999999       0.18631305769998072       0.18732936304169143       0.18875219504898921     
  0.27000000000000002       0.16911432826831085       0.17049469575385756       0.17242722023828769     
  0.29999999999999999       0.15068909106186856       0.15250546121842506       0.15504839954448513     
  0.32999999999999996       0.13121617886230352       0.13354437833341376       0.13680389491356718     
  0.35999999999999999       0.11088135187147324       0.11380031435269604       0.11788692649542690     
  0.39000000000000001        8.9875576508087085E-002   9.3466543850312556E-002   9.8494003555436124E-002
  0.41999999999999998        6.8393251951025011E-002   7.2738964795548963E-002   7.8823125348231105E-002
  0.44999999999999996        4.6630403950768812E-002   5.1814291442800961E-002   5.9071971858280628E-002
  0.47999999999999998        2.4782867539026088E-002   3.0888245551799740E-002   3.9436105724824387E-002
  0.51000000000000001        3.0444816565396715E-003   1.0153768533652345E-002   2.0107207340368253E-002
  0.54000000000000004       -1.8394680724438364E-002  -1.0200722623863793E-002   1.2713649847617206E-003
  0.56999999999999995       -3.9350023734988623E-002  -2.9993013389538085E-002  -1.6892559064689446E-002
  0.59999999999999998       -5.9644058951991208E-002  -4.9048682822085313E-002  -3.4214467158695042E-002
  0.63000000000000000       -7.9107934887845441E-002  -6.7202589065928645E-002  -5.0534452615336616E-002
  0.65999999999999992       -9.7582848213334100E-002  -8.4300233164841809E-002  -6.5704099477116668E-002
  0.68999999999999995      -0.11492132242692757      -0.10019898823541196       -7.9587644393395940E-002
  0.71999999999999997      -0.13098834309141300      -0.11476918432538373       -9.2062992429691903E-002
  0.75000000000000000      -0.14566234223834493      -0.12789504256433332      -0.10302258160877430     
  0.78000000000000003      -0.15883602789446288      -0.13947545531424804      -0.11237409374414226     
  0.80999999999999994      -0.17041705773928151      -0.14942461179320943      -0.12004101151083410     
  0.83999999999999997      -0.18032855852397858      -0.15767247096346948      -0.12596302362961645     
  0.87000000000000000      -0.18850949497752792      -0.16416508527768334      -0.13009628148120833     
  0.89999999999999991      -0.19491489345350096      -0.16886478014223780      -0.13241351142415297     
  0.92999999999999994      -0.19951592653352201      -0.17175019470681943      -0.13290398760990188     
  0.95999999999999996      -0.20229986524653912      -0.17281618988530101      -0.13157337025103288     
  0.98999999999999999      -0.20326990556720231      -0.17207362944574703      -0.12844341420644015     
   1.0200000000000000      -0.20244487552775023      -0.16954903968870511      -0.12355155251755273     
   1.0500000000000000      -0.19985882873755045      -0.16528415278537692      -0.11695035928200521     
   1.0800000000000001      -0.19556052947987013      -0.15933533839352021      -0.10870689609853040     
   1.1099999999999999      -0.18961283396926759      -0.15177292782260926       -9.8901946355857487E-002
   1.1399999999999999      -0.18209197191476650      -0.14268043487689858       -8.7629141941996919E-002
   1.1699999999999999      -0.17308673233276431      -0.13215367763725921       -7.4993987561922049E-002
   1.2000000000000000      -0.16269755765229382      -0.12029980589238666       -6.1112788781870875E-002
   1.2300000000000000      -0.15103555058665652      -0.10723623970758031       -4.6111491144025220E-002
   1.2600000000000000      -0.13822139901072911       -9.3089525702645851E-002  -3.0124439160796511E-002
   1.2900000000000000      -0.12438422515231753       -7.7994118946869945E-002  -1.3293065620118286E-002
   1.3199999999999998      -0.10966036672010275       -6.2091099889378804E-002   4.2354766924907958E-003
   1.3499999999999999       -9.4192099067398019E-002  -4.5526837328326894E-002   2.2309727140073111E-002
   1.3799999999999999       -7.8126309030136717E-002  -2.8451609970899006E-002   4.0775358109804198E-002
   1.4099999999999999       -6.1613132569746210E-002  -1.1018200533510328E-002   5.9476628354274225E-002
   1.4399999999999999       -4.4804569686545809E-002   6.6195225304723979E-003   7.8257831805277872E-002
   1.4700000000000000       -2.7853091144764731E-002   2.4308019802877563E-002   9.6964724604491653E-002
   1.5000000000000000       -1.0910252280153205E-002   4.1895475937859285E-002  0.11544591334055239     
   1.5300000000000000        5.8746705175420737E-003   5.9233158831699238E-002  0.13355418824075058     
   1.5600000000000001        2.2356005177342105E-002   7.6176727370470071E-002  0.15114778630905601     
   1.5899999999999999        3.8392956275964840E-002   9.2587473231118961E-002  0.16809157106972336     
   1.6199999999999999        5.3850810417790523E-002  0.10833348364291845       0.18425811757993962     
   1.6499999999999999        6.8602062125184354E-002  0.12329071377188544       0.19952869360949702     
   1.6799999999999999        8.2527449358571703E-002  0.13734395937583727       0.21379413023368915     
   1.7100000000000000        9.5516889650941045E-002  0.15038772248731885       0.22695557742985273     
   1.7400000000000000       0.10747030981368334       0.16232696500915822       0.23892514249814223     
   1.7700000000000000       0.11829836415170764       0.17307774715277949       0.24962641114823006     
   1.7999999999999998       0.12792303802494948       0.18256774952592755       0.25899485283142215     
   1.8299999999999998       0.13627813533385122       0.19073667931623303       0.26697811330229099     
   1.8599999999999999       0.14330965002975268       0.19753656237443626       0.27353619844130855     
   1.8899999999999999       0.14897602302031379       0.20293192405418850       0.27864155406134505     
   1.9199999999999999       0.15324828684025238       0.20689986241552305       0.28227904678050608     
   1.9500000000000000       0.15611010119532057       0.20943001786883100       0.28444585111518828     
   1.9800000000000000       0.15755768298795716       0.21052444356562819       0.28515124778879775     
   2.0099999999999998       0.15759963473707264       0.21019738088493031       0.28441633793135823     
   2.0400000000000000       0.15625667546331490       0.20847494428128516       0.28227367743578252     
   2.0699999999999998       0.15356127818210438       0.20539471961720310       0.27876683530988944     
   2.1000000000000001       0.14955721818771084       0.20100527996180578       0.27394987948615379     
   2.1299999999999999       0.14429903637677041       0.19536562275558700       0.26788679328138165     
   2.1600000000000001       0.13785142199496897       0.18854453226471332       0.26065082558134905     
   2.1899999999999999       0.13028851943080122       0.18061987141066446       0.25232377789158433     
   2.2199999999999998       0.12169316404623301       0.17167780738054722       0.24299523165945566     
   2.2500000000000000       0.11215605253153971       0.16181197590249477       0.23276171973258286     
   2.2799999999999998       0.10177485389112882       0.15112258969583028       0.22172584645640736     
   2.3100000000000001        9.0653267885091815E-002  0.13971549734932961       0.20999536169721475     
   2.3399999999999999        7.8900038531667591E-002  0.12770119970299193       0.19768219496171457     
   2.3700000000000001        6.6627931073581573E-002  0.11519383166021002       0.18490145671736688     
   2.3999999999999999        5.3952681575577782E-002  0.10231011818383133       0.17177041494089310     
   2.4299999999999997        4.0991928999067687E-002   8.9168313975868399E-002  0.15840745577676490     
   2.4600000000000000        2.7864140142976501E-002   7.5887136954140039E-002  0.14493103791704404     
   2.4899999999999998        1.4687538204419277E-002   6.2584706074430063E-002  0.13145865086989733     
   2.5200000000000000        1.5790458655505143E-003   4.9377494268655397E-002  0.11810578762790747     
   2.5499999999999998       -1.1346746266981731E-002   3.6379307255614987E-002  0.10498494235320366     
   2.5800000000000001       -2.3978575362928453E-002   2.3700298722913713E-002   9.2204643552950105E-002
   2.6099999999999999       -3.6209456254058872E-002   1.1446031882851124E-002   7.9868532828906297E-002
   2.6399999999999997       -4.7937576311503124E-002  -2.8340330876147450E-004   6.8074498665409641E-002
   2.6699999999999999       -5.9067127063212516E-002  -1.1394208882286448E-002   5.6913873899920100E-002
   2.6999999999999997       -6.9509065378891094E-002  -2.1799626190509819E-002   4.6470704537127316E-002
   2.7300000000000000       -7.9181798219568181E-002  -3.1420605656509101E-002   3.6821096465449010E-002
   2.7599999999999998       -8.8011786161045907E-002  -4.0186393937704123E-002   2.8032645459922241E-002
   2.7900000000000000       -9.5934062107793414E-002  -4.8035034716395808E-002   2.0163954653416121E-002
   2.8199999999999998      -0.10289266277431174       -5.4913780497465814E-002   1.3264242470126192E-002
   2.8500000000000001      -0.10884097158981586       -6.0779413894535457E-002   7.3730428762287352E-003
   2.8799999999999999      -0.11374197265377270       -6.5598477891394530E-002   2.5199987388429988E-003
   2.9099999999999997      -0.11756841621912843       -6.9347415460443262E-002  -1.2752518866901911E-003
   2.9399999999999999      -0.12030289690203584       -7.2012619698731517E-002  -4.0030975917971882E-003
   2.9699999999999998      -0.12193784641630553       -7.3590396308617329E-002  -5.6638853931622341E-003
   3.0000000000000000      -0.12247544312070896       -7.4086840815574581E-002  -6.2677649544588413E-003
   3.0299999999999998      -0.12192744106712415       -7.3517633397588877E-002  -5.8344483505482405E-003
   3.0600000000000001      -0.12031492157097859       -7.1907754619846137E-002  -4.3928890101698655E-003
   3.0899999999999999      -0.11766797061792678       -6.9291125747263413E-002  -1.9808839645604360E-003
   3.1200000000000001      -0.11402528569703313       -6.5710177667046857E-002   1.3553960083743889E-003
   3.1499999999999999      -0.10943371593297810       -6.1215352812041289E-002   5.5619433085624063E-003
   3.1799999999999997      -0.10394773969542592       -5.5864544846600230E-002   1.0577512032270857E-002
   3.2100000000000000       -9.7628884204148586E-002  -4.9722481267603993E-002   1.6334272174831081E-002
   3.2399999999999998       -9.0545092028393642E-002  -4.2860054485131707E-002   2.2758513178665452E-002
   3.2700000000000000       -8.2770039795757963E-002  -3.5353607374649564E-002   2.9771390072210902E-002
   3.2999999999999998       -7.4382414870053593E-002  -2.7284179723892278E-002   3.7289705055866401E-002
   3.3300000000000001       -6.5465156213832379E-002  -1.8736722416380233E-002   4.5226717043563888E-002
   3.3599999999999999       -5.6104666099108039E-002  -9.7992865796812188E-003   5.3492971380913051E-002
   3.3899999999999997       -4.6389999745989174E-002  -5.6219525823430691E-004   6.1997141751356552E-002
   3.4199999999999999       -3.6412040328785485E-002   8.8827945739887396E-003   7.0646876167226841E-002
   3.4499999999999997       -2.6262667068771103E-002   1.8443331686367227E-002   7.9349638936804759E-002
   3.4800000000000000       -1.6033924310902149E-002   2.8027303928462761E-002   8.8013540610819410E-002
   3.5099999999999998       -5.8171995414016339E-003   3.7543657285821590E-002   9.6548148146278295E-002
   3.5400000000000000        4.2975817671382175E-003   4.6903192915263417E-002  0.10486526788013018     
   3.5699999999999998        1.4222736801541921E-002   5.6019334753355028E-002  0.11287969437213580     
   3.5999999999999996        2.3873574201081244E-002   6.4808860745060343E-002  0.12050991874204131     
   3.6299999999999999        3.3169104116430911E-002   7.3192591299525753E-002  0.12767879077269145     
   3.6599999999999997        4.2032703225472125E-002   8.1096029228299449E-002  0.13431412975668355     
   3.6899999999999999        5.0392729059750584E-002   8.8449946136161056E-002  0.14034927980625153     
   3.7199999999999998        5.8183078726260218E-002   9.5190910992339103E-002  0.14572360610066026     
   3.7500000000000000        6.5343687883641158E-002  0.10126175738606112       0.15038292929009775     
   3.7799999999999998        7.1820966625324348E-002  0.10661198674219410       0.15427989599011052     
   3.8100000000000001        7.7568169711575388E-002  0.11119810551991732       0.15737428397004902     
   3.8399999999999999        8.2545699357577801E-002  0.11498389512341659       0.15963324125136455     
   3.8699999999999997        8.6721339509340356E-002  0.11794061390653604       0.16103145888054227     
   3.8999999999999999        9.0070421211590188E-002  0.12004713124613452       0.16155127762564434     
   3.9299999999999997        9.2575919285078315E-002  0.12128999418945079       0.16118272926830063     
   3.9600000000000000        9.4228481082805973E-002  0.12166342765151197       0.15992351353203546     
   3.9899999999999998        9.5026388587831204E-002  0.12116926955579266       0.15777891201374786     
   4.0199999999999996        9.4975455555353666E-002  0.11981684268413072       0.15476164078072571     
   4.0499999999999998        9.4088861797119699E-002  0.11762276534131652       0.15089164357438023     
   4.0800000000000001        9.2386927066759647E-002  0.11461070325741669       0.14619582783717464     
   4.1099999999999994        8.9896827340748026E-002  0.11081106545787071       0.14070774606269487     
   4.1399999999999997        8.6652256610828676E-002  0.10626064713722683       0.13446722526962662     
   4.1699999999999999        8.2693037617854737E-002  0.10100222288411459       0.12751994772436306     
   4.2000000000000002        7.8064685269496378E-002   9.5084093926613308E-002  0.11991698638597344     
   4.2299999999999995        7.2817926797642582E-002   8.8559593398984698E-002  0.11171429891906526     
   4.2599999999999998        6.7008183024821352E-002   8.1486553969600098E-002  0.10297218450833431     
   4.2900000000000000        6.0695015418654283E-002   7.3926742509195564E-002   9.3754708103255424E-002
   4.3200000000000003        5.3941543912423479E-002   6.5945266808767236E-002   8.4129097109279294E-002
   4.3499999999999996        4.6813840749088426E-002   5.7609959665651661E-002   7.4165115907723664E-002
   4.3799999999999999        3.9380305854749449E-002   4.8990745931417959E-002   6.3934423913779445E-002
   4.4100000000000001        3.1711029454055309E-002   4.0158998342528937E-002   5.3509923154184305E-002
   4.4399999999999995        2.3877147792993839E-002   3.1186888121325355E-002   4.2965101547776129E-002
   4.4699999999999998        1.5950197923554087E-002   2.2146736429364919E-002   3.2373378190172435E-002
   4.5000000000000000        8.0014775214645780E-003   1.3110372768565982E-002   2.1807456968213072E-002
   4.5300000000000002        1.0141564672177562E-004   4.1485063521456925E-003   1.1338694754368803E-002
   4.5599999999999996       -7.6810397859024366E-003  -4.6698836952593775E-003   1.0364902541296264E-003
   4.5899999999999999       -1.5279012282281861E-002  -1.3278133699173631E-002  -9.0323006971094293E-003
   4.6200000000000001       -2.2628259546106168E-002  -2.1612451082275511E-002  -1.8803917960312264E-002
   4.6499999999999995       -2.9667703883542011E-002  -2.9612435427489994E-002  -2.8218213066332272E-002
   4.6799999999999997       -3.6339925791645647E-002  -3.7221560557848393E-002  -3.7219123881211347E-002
   4.7100000000000000       -4.2591616766508127E-002  -4.4387613753628923E-002  -4.5755104081510345E-002
   4.7400000000000002       -4.8373987883387974E-002  -5.1063088782693701E-002  -5.3779504168358576E-002
   4.7699999999999996       -5.3643131240795255E-002  -5.7205529996291249E-002  -6.1250901379104730E-002
   4.7999999999999998       -5.8360331910818117E-002  -6.2777825325829567E-002  -6.8133376489289965E-002
   4.8300000000000001       -6.2492328587111130E-002  -6.7748446593452957E-002  -7.4396736120601256E-002
   4.8599999999999994       -6.6011521659658789E-002  -7.2091636109758356E-002  -8.0016679770191404E-002
   4.8899999999999997       -6.8896127963452042E-002  -7.5787539067037196E-002  -8.4974911343636536E-002
   4.9199999999999999       -7.1130281940583157E-002  -7.8822281739908059E-002  -8.9259195501100508E-002
   4.9500000000000002       -7.2704083418286325E-002  -8.1187995973525551E-002  -9.2863359610136906E-002
   4.9799999999999995       -7.3613592637625236E-002  -8.2882790871486672E-002  -9.5787242537816647E-002
   5.0099999999999998       -7.3860773569255717E-002  -8.3910672991923854E-002  -9.8036591910670781E-002
   5.0400000000000000       -7.3453386925883879E-002  -8.4281416723486297E-002  -9.9622911826246940E-002
   5.0699999999999994       -7.2404834628634021E-002  -8.4010386846454024E-002 -0.10056326331909982     
   5.0999999999999996       -7.0733957809975545E-002  -8.3118315592106445E-002 -0.10088002017161116     
   5.1299999999999999       -6.8464790742553946E-002  -8.1631036799658163E-002 -0.10060058292105871     
   5.1600000000000001       -6.5626273374149405E-002  -7.9579180038042818E-002  -9.9757054153247857E-002
   5.1899999999999995       -6.2251925426072934E-002  -7.6997827812116296E-002  -9.8385878393306814E-002
   5.2199999999999998       -5.8379485276437423E-002  -7.3926139210798283E-002  -9.6527450108236657E-002
   5.2500000000000000       -5.4050517100381223E-002  -7.0406943578241288E-002  -9.4225693524423587E-002
   5.2799999999999994       -4.9309989974551674E-002  -6.6486307996872926E-002  -9.1527618136057337E-002
   5.3099999999999996       -4.4205832869747878E-002  -6.2213082560369178E-002  -8.8482853935412872E-002
   5.3399999999999999       -3.8788469649263399E-002  -5.7638427581473702E-002  -8.5143170530265697E-002
   5.3700000000000001       -3.3110338356075034E-002  -5.2815327019503436E-002  -8.1561984423511730E-002
   5.3999999999999995       -2.7225399204121717E-002  -4.7798092520410070E-002  -7.7793858811061101E-002
   5.4299999999999997       -2.1188635782077768E-002  -4.2641862533457801E-002  -7.3894000301896676E-002
   5.4600000000000000       -1.5055554027288654E-002  -3.7402100998423234E-002  -6.9917756974763323E-002
   5.4900000000000002       -8.8816835288217273E-003  -3.2134100082029118E-002  -6.5920122155874242E-002
   5.5199999999999996       -2.7220856690228857E-003  -2.6892491379524992E-002  -6.1955248228842713E-002
   5.5499999999999998        3.3691269888299026E-003  -2.1730769885722048E-002  -5.8075974670506104E-002
   5.5800000000000001        9.3392558129906204E-003  -1.6700834879667358E-002  -5.4333374344449910E-002
   5.6099999999999994        1.5137461665954196E-002  -1.1852551660311978E-002  -5.0776321879242393E-002
   5.6399999999999997        2.0715187118071292E-002  -7.2333378202339470E-003  -4.7451087713305008E-002
   5.6699999999999999        2.6026551804986343E-002  -2.8877774552260706E-003  -4.4400961106734117E-002
   5.7000000000000002        3.1028717749755998E-002   1.1427336151371460E-003  -4.1665905106915563E-002
   5.7299999999999995        3.5682221827276192E-002   4.8203088907672973E-003  -3.9282246114722502E-002
   5.7599999999999998        3.9951272926953815E-002   8.1108561435644742E-003  -3.7282400337085152E-002
   5.7900000000000000        4.3804011762040594E-002   1.0984324309197267E-002  -3.5694639035447097E-002
   5.8199999999999994        4.7212731673628376E-002   1.3414910740589302E-002  -3.4542894093547126E-002
   5.8499999999999996        5.0154059177510167E-002   1.5381227639906975E-002  -3.3846605037134596E-002
   5.8799999999999999        5.2609093397305899E-002   1.6866426877177217E-002  -3.3620608247106637E-002
   5.9100000000000001        5.4563503912810160E-002   1.7858282787832077E-002  -3.3875068719944119E-002
   5.9399999999999995        5.6007586924900335E-002   1.8349232915266092E-002  -3.4615454348329765E-002
   5.9699999999999998        5.6936279995087914E-002   1.8336377025580185E-002  -3.5842552322923604E-002
   6.0000000000000000        5.7349135957435952E-002   1.7821435068539733E-002  -3.7552526895374853E-002
   6.0299999999999994        5.7250256922477233E-002   1.6810665090496408E-002  -3.9737017394295152E-002
   6.0599999999999996        5.6648189596966096E-002   1.5314742421156963E-002  -4.2383275051404601E-002
   6.0899999999999999        5.5555783430206424E-002   1.3348601756402260E-002  -4.5474336875630419E-002
   6.1200000000000001        5.3990013367912815E-002   1.0931244043662403E-002  -4.8989234509931645E-002
   6.1499999999999995        5.1971769248613575E-002   8.0855103442680661E-003  -5.2903235720617989E-002
   6.1799999999999997        4.9525614115764810E-002   4.8378250980338697E-003  -5.7188115903823958E-002
   6.2100000000000000        4.6679513940869832E-002   1.2179114479746230E-003  -6.1812456750845630E-002
   6.2400000000000002        4.3464541458325477E-002  -2.7415185040702682E-003  -6.6741968995838979E-002
   6.2699999999999996        3.9914557000227988E-002  -7.0050954490578233E-003  -7.1939835978771002E-002
   6.2999999999999998        3.6065869387214962E-002  -1.1535143400906625E-002  -7.7367074596499996E-002
   6.3300000000000001        3.1956880077393467E-002  -1.6292045636534809E-002  -8.2982910088406095E-002
   6.3599999999999994        2.7627713896986664E-002  -2.1234622566774428E-002  -8.8745161012845283E-002
   6.3899999999999997        2.3119839770852725E-002  -2.6320517981145777E-002  -9.4610630719193539E-002
   6.4199999999999999        1.8475684935868583E-002  -3.1506590066119812E-002 -0.10053550160910348     
   6.4500000000000002        1.3738246152954305E-002  -3.6749303589670719E-002 -0.10647572851076068     
   6.4799999999999995        8.9507014323129165E-003  -4.2005119675821552E-002 -0.11238742756143585     
   6.5099999999999998        4.1560257499602691E-003  -4.7230879661909121E-002 -0.11822725710553213     
   6.5400000000000000       -6.0338583874764047E-004  -5.2384179637946372E-002 -0.12395278726565936     
   6.5699999999999994       -5.2860843908501031E-003  -5.7423732410323725E-002 -0.12952285503009592     
   6.5999999999999996       -9.8519194174733170E-003  -6.2309713808848685E-002 -0.13489790191750772     
   6.6299999999999999       -1.4262374395086954E-002  -6.7004090463637506E-002 -0.14004029152444433     
   6.6600000000000001       -1.8480882670571030E-002  -7.1470926412811081E-002 -0.14491460452784105     
   6.6899999999999995       -2.2473121215274297E-002  -7.5676666158948344E-002 -0.14948790899812389     
   6.7199999999999998       -2.6207279936548832E-002  -7.9590392067115601E-002 -0.15373000417305185     
   6.7500000000000000       -2.9654304526649362E-002  -8.3184054285188200E-002 -0.15761363614278823     
   6.7799999999999994       -3.2788111113972375E-002  -8.6432671663348087E-002 -0.16111468419787664     
   6.8099999999999996       -3.5585771275990705E-002  -8.9314502449568095E-002 -0.16421231688934698     
   6.8399999999999999       -3.8027666272720397E-002  -9.1811183837484558E-002 -0.16688911714030841     
   6.8700000000000001       -4.0097609660277166E-002  -9.3907839738748403E-002 -0.16913117602808939     
   6.8999999999999995       -4.1782937742614358E-002  -9.5593156440777927E-002 -0.17092815512305529     
   6.9299999999999997       -4.3074567612959282E-002  -9.6859426090500383E-002 -0.17227331752327418     
   6.9600000000000000       -4.3967022822380124E-002  -9.7702558213482518E-002 -0.17316352796255682     
   6.9899999999999993       -4.4458426989430568E-002  -9.8122059734703296E-002 -0.17359922259305771     
   7.0199999999999996       -4.4550465930502756E-002  -9.8120984211497231E-002 -0.17358434925309865     
   7.0499999999999998       -4.4248319144321445E-002  -9.7705851220648218E-002 -0.17312627922702997     
   7.0800000000000001       -4.3560561725169991E-002  -9.6886537060247191E-002 -0.17223569168784608     
   7.1099999999999994       -4.2499038007369337E-002  -9.5676138132859578E-002 -0.17092643218601955     
   7.1399999999999997       -4.1078708457727042E-002  -9.4090808569891465E-002 -0.16921534671059624     
   7.1699999999999999       -3.9317471532608256E-002  -9.2149573837783272E-002 -0.16712209300173983     
   7.1999999999999993       -3.7235962401329904E-002  -8.9874122234577455E-002 -0.16466893093801119     
   7.2299999999999995       -3.4857330606967565E-002  -8.7288576340013677E-002 -0.16188049395668572     
   7.2599999999999998       -3.2206998888436728E-002  -8.4419246622820687E-002 -0.15878354359086574     
   7.2900000000000000       -2.9312405522734529E-002  -8.1294369534229777E-002 -0.15540670932210782     
   7.3199999999999994       -2.6202732662226089E-002  -7.7943832525612197E-002 -0.15178021605042791     
   7.3499999999999996       -2.2908623237459933E-002  -7.4398888519042014E-002 -0.14793560157321034     
   7.3799999999999999       -1.9461889069810986E-002  -7.0691862430908206E-002 -0.14390542653884061     
   7.4100000000000001       -1.5895212888958583E-002  -6.6855852398855553E-002 -0.13972297939780584     
   7.4399999999999995       -1.2241846976656395E-002  -6.2924428389847631E-002 -0.13542197891157098     
   7.4699999999999998       -8.5353111595430110E-003  -5.8931330870765533E-002 -0.13103627679589874     
   7.5000000000000000       -4.8090928493173118E-003  -5.4910172201752601E-002 -0.12659956306885628     
   7.5299999999999994       -1.0963517783097137E-003  -5.0894143365963693E-002 -0.12214507664333096     
   7.5599999999999996        2.5703679973802952E-003  -4.6915728577414294E-002 -0.11770532364870712     
   7.5899999999999999        6.1594163556614231E-003  -4.3006430211689331E-002 -0.11331180588619934     
   7.6200000000000001        9.6403032798180882E-003  -3.9196506383306573E-002 -0.10899476171750513     
   7.6499999999999995        1.2983950742189358E-002  -3.5514723349966970E-002 -0.10478292155779202     
   7.6799999999999997        1.6162928264695234E-002  -3.1988124759637547E-002 -0.10070327999295742     
   7.7100000000000000        1.9151670303926747E-002  -2.8641819573652427E-002  -9.6780886369455060E-002
   7.7399999999999993        2.1926673806423047E-002  -2.5498790300332339E-002  -9.3038655515035637E-002
   7.7699999999999996        2.4466674489607442E-002  -2.2579722961766024E-002  -8.9497200043088518E-002
   7.7999999999999998        2.6752800622808982E-002  -1.9902859994234742E-002  -8.6174685474712603E-002
   7.8300000000000001        2.8768703308057163E-002  -1.7483877053181749E-002  -8.3086709184135965E-002
   7.8599999999999994        3.0500662489219389E-002  -1.5335784459459949E-002  -8.0246203937641120E-002
   7.8899999999999997        3.1937668148045772E-002  -1.3468853787531014E-002  -7.7663366556690094E-002
   7.9199999999999999        3.3071476374508996E-002  -1.1890569860853845E-002  -7.5345611995331699E-002
   7.9499999999999993        3.3896640224443039E-002  -1.0605608187186661E-002  -7.3297552882901434E-002
   7.9799999999999995        3.4410515498115746E-002  -9.6158376389975878E-003  -7.1521004347986167E-002
   8.0099999999999998        3.4613241787485663E-002  -8.9203479634596943E-003  -7.0015013710895024E-002
   8.0399999999999991        3.4507699346186159E-002  -8.5155014942018357E-003  -6.8775914411506114E-002
   8.0700000000000003        3.4099442533628149E-002  -8.3950082345025327E-003  -6.7797403329175374E-002
   8.0999999999999996        3.3396610772041611E-002  -8.5500232901900529E-003  -6.7070640453024202E-002
   8.1299999999999990        3.2409818131908893E-002  -8.9692654512549090E-003  -6.6584369675803917E-002
   8.1600000000000001        3.1152022826262046E-002  -9.6391555550987326E-003  -6.6325059313939477E-002
   8.1899999999999995        2.9638378046924891E-002  -1.0543973112371595E-002  -6.6277060801404997E-002
   8.2199999999999989        2.7886065715176864E-002  -1.1666029539372146E-002  -6.6422783866772112E-002
   8.2500000000000000        2.5914114844677556E-002  -1.2985856219844360E-002  -6.6742886381965294E-002
   8.2799999999999994        2.3743206324974182E-002  -1.4482405514502276E-002  -6.7216476968702782E-002
   8.3100000000000005        2.1395466028662984E-002  -1.6133262749499628E-002  -6.7821328364915806E-002
   8.3399999999999999        1.8894248223444911E-002  -1.7914867146012831E-002  -6.8534099489105035E-002
   8.3699999999999992        1.6263911331104778E-002  -1.9802739602703338E-002  -6.9330564095939032E-002
   8.4000000000000004        1.3529588118132568E-002  -2.1771715211519750E-002  -7.0185843891584179E-002
   8.4299999999999997        1.0716952426703737E-002  -2.3796178375379735E-002  -7.1074643972247595E-002
   8.4599999999999991        7.8519845596184933E-003  -2.5850298403832430E-002  -7.1971488463981159E-002
   8.4900000000000002        4.9607374183537898E-003  -2.7908263489719726E-002  -7.2850954275487392E-002
   8.5199999999999996        2.0691054596331578E-003  -2.9944511015767609E-002  -7.3687900927821473E-002
   8.5499999999999989       -7.9740151683900572E-004  -3.1933952204336410E-002  -7.4457694494619031E-002
   8.5800000000000001       -3.6138778080308967E-003  -3.3852189205383736E-002  -7.5136423772715288E-002
   8.6099999999999994       -6.3562326219685798E-003  -3.5675722815952889E-002  -7.5701106904498258E-002
   8.6400000000000006       -9.0013905194704352E-003  -3.7382149137885401E-002  -7.6129886788642992E-002
   8.6699999999999999       -1.1527479856250474E-002  -3.8950343607478913E-002  -7.6402213743475750E-002
   8.6999999999999993       -1.3914007732383171E-002  -4.0360630969835810E-002  -7.6499014025506323E-002
   8.7300000000000004       -1.6142020101943263E-002  -4.1594939919937013E-002  -7.6402842952993599E-002
   8.7599999999999998       -1.8194245851462662E-002  -4.2636941290234265E-002  -7.6098021539123817E-002
   8.7899999999999991       -2.0055223819774967E-002  -4.3472168828975179E-002  -7.5570755699866737E-002
   8.8200000000000003       -2.1711411901917759E-002  -4.4088121782777184E-002  -7.4809237266281359E-002
   8.8499999999999996       -2.3151277554129719E-002  -4.4474348669429474E-002  -7.3803726198506600E-002
   8.8799999999999990       -2.4365369193772447E-002  -4.4622511800896152E-002  -7.2546613567533294E-002
   8.9100000000000001       -2.5346368165477275E-002  -4.4526432290495993E-002  -7.1032465039859174E-002
   8.9399999999999995       -2.6089121121333273E-002  -4.4182115450840165E-002  -6.9258044768132243E-002
   8.9699999999999989       -2.6590652836988991E-002  -4.3587756659033604E-002  -6.7222319756838331E-002
   9.0000000000000000       -2.6850159655765607E-002  -4.2743727931715804E-002  -6.4926444935013566E-002
   9.0299999999999994       -2.6868983918029242E-002  -4.1652545613661024E-002  -6.2373729326946785E-002
   9.0600000000000005       -2.6650569892020883E-002  -4.0318819738888213E-002  -5.9569583865999601E-002
   9.0899999999999999       -2.6200401874073433E-002  -3.8749185771624478E-002  -5.6521451545144499E-002
   9.1199999999999992       -2.5525925269725157E-002  -3.6952219575145780E-002  -5.3238720739724535E-002
   9.1500000000000004       -2.4636451601806851E-002  -3.4938336588638201E-002  -4.9732622672369851E-002
   9.1799999999999997       -2.3543048516332866E-002  -3.2719676314952290E-002  -4.6016114116028267E-002
   9.2099999999999991       -2.2258415971205068E-002  -3.0309973334642613E-002  -4.2103746547706628E-002
   9.2400000000000002       -2.0796749895624231E-002  -2.7724416163183562E-002  -3.8011523071774016E-002
   9.2699999999999996       -1.9173594699012367E-002  -2.4979495357936529E-002  -3.3756744526530470E-002
   9.2999999999999989       -1.7405686086541142E-002  -2.2092842358544671E-002  -2.9357846270187428E-002
   9.3300000000000001       -1.5510785703445936E-002  -1.9083060608229362E-002  -2.4834227211467951E-002
   9.3599999999999994       -1.3507509181658462E-002  -1.5969550553304356E-002  -2.0206072704817061E-002
   9.3899999999999988       -1.1415149199472428E-002  -1.2772330153552485E-002  -1.5494172969924263E-002
   9.4199999999999999       -9.2534951876291783E-003  -9.5118525564887001E-003  -1.0719738719255901E-002
   9.4499999999999993       -7.0426513231591353E-003  -6.2088225936734465E-003  -5.9042156851079287E-003
   9.4800000000000004       -4.8028544454674013E-003  -2.8840137470218206E-003  -1.0690997290638549E-003
   9.5099999999999998       -2.5542935075922751E-003   4.4191279245477024E-004   3.7642458083452738E-003
   9.5399999999999991       -3.1693213954625326E-004   3.7485853915682553E-003   8.5747689013058771E-003
   9.5700000000000003        1.8896641494030794E-003   7.0160940407073252E-003   1.3341902216318053E-002
   9.5999999999999996        4.0464946661395110E-003   1.0225155760547507E-002   1.8045729586431348E-002
   9.6299999999999990        6.1352827395684106E-003   1.3357271973793683E-002   2.2667144180983291E-002
   9.6600000000000001        8.1386261376176269E-003   1.6394876559941554E-002   2.7187997068725048E-002
   9.6899999999999995        1.0040137494607432E-002   1.9321473415715575E-002   3.1591234982734251E-002
   9.7199999999999989        1.1824573656304231E-002   2.2121762457950722E-002   3.5861026216003296E-002
   9.7500000000000000        1.3477952966287884E-002   2.4781753127819089E-002   3.9982873705421085E-002
   9.7799999999999994        1.4987659640486910E-002   2.7288864583984898E-002   4.3943714497338297E-002
   9.8100000000000005        1.6342534505503620E-002   2.9632011906000545E-002   4.7732004928296753E-002
   9.8399999999999999        1.7532951509286489E-002   3.1801677766532997E-002   5.1337790998101741E-002
   9.8699999999999992        1.8550879548447103E-002   3.3789969170366925E-002   5.4752763557562673E-002
   9.9000000000000004        1.9389929293735321E-002   3.5590658998156097E-002   5.7970298078341510E-002
   9.9299999999999997        2.0045384832600346E-002   3.7199212232249756E-002   6.0985478915954926E-002
   9.9599999999999991        2.0514220084161639E-002   3.8612796879354420E-002   6.3795108117721197E-002
   9.9900000000000002        2.0795100076146329E-002   3.9830279739148607E-002   6.6397698964103732E-002
   10.020000000000000        2.0888367304347892E-002   4.0852207298190585E-002   6.8793454563394252E-002
   10.049999999999999        2.0796013521927465E-002   4.1680772153587932E-002   7.0984231945047271E-002
   10.080000000000000        2.0521637427490191E-002   4.2319765490065400E-002   7.2973492215398048E-002
   10.109999999999999        2.0070388836468289E-002   4.2774516246494004E-002   7.4766237450261661E-002
   10.139999999999999        1.9448900029138114E-002   4.3051817712927418E-002   7.6368935101416888E-002
   10.170000000000000        1.8665205069857298E-002   4.3159842396100080E-002   7.7789430787714817E-002
   10.199999999999999        1.7728647985152824E-002   4.3108046079607221E-002   7.9036850426085659E-002
   10.230000000000000        1.6649780772498061E-002   4.2907062084099772E-002   8.0121492732683028E-002
   10.260000000000000        1.5440252286416930E-002   4.2568586802331713E-002   8.1054713189496475E-002
   10.289999999999999        1.4112689113433417E-002   4.2105257643391694E-002   8.1848800626724283E-002
   10.320000000000000        1.2680569601893118E-002   4.1530524569588299E-002   8.2516847615822217E-002
   10.350000000000000        1.1158092256436646E-002   4.0858516447952103E-002   8.3072615902269276E-002
   10.379999999999999        9.5600397395953739E-003   4.0103903465945313E-002   8.3530398130605463E-002
   10.410000000000000        7.9016397443861762E-003   3.9281756877581661E-002   8.3904877127141536E-002
   10.440000000000000        6.1984240117760941E-003   3.8407407351685574E-002   8.4210984007913506E-002
   10.469999999999999        4.4660867654456914E-003   3.7496303188478020E-002   8.4463756371020632E-002
   10.500000000000000        2.7203438234868630E-003   3.6563869654179439E-002   8.4678197813579048E-002
   10.529999999999999        9.7679362272723360E-004   3.5625370656078716E-002   8.4869139984356343E-002
   10.559999999999999       -7.4921864340343910E-004   3.4695773942846321E-002   8.5051108344020188E-002
   10.590000000000000       -2.4427326177255534E-003   3.3789620967186185E-002   8.5238192756216732E-002
   10.619999999999999       -4.0892990021706892E-003   3.2920902490743371E-002   8.5443923974857713E-002
   10.650000000000000       -5.6750993741725691E-003   3.2102940945128187E-002   8.5681157026592417E-002
   10.680000000000000       -7.1870586327952759E-003   3.1348280488685071E-002   8.5961962413104720E-002
   10.709999999999999       -8.6129491911172695E-003   3.0668585617010111E-002   8.6297525976319220E-002
   10.740000000000000       -9.9414861184275328E-003   3.0074549097055071E-002   8.6698058181603227E-002
   10.770000000000000       -1.1162412528602551E-002   2.9575809900854302E-002   8.7172713480456465E-002
   10.799999999999999       -1.2266574608630766E-002   2.9180881716422854E-002   8.7729520315878926E-002
   10.830000000000000       -1.3245985782624011E-002   2.8897092511175480E-002   8.8375322231533937E-002
   10.859999999999999       -1.4093879610786248E-002   2.8730535518299717E-002   8.9115730440939706E-002
   10.889999999999999       -1.4804751128689179E-002   2.8686031909877230E-002   8.9955088106210349E-002
   10.920000000000000       -1.5374386438841396E-002   2.8767105313173714E-002   9.0896446468315809E-002
   10.949999999999999       -1.5799880472971626E-002   2.8975968219379474E-002   9.1941552863426396E-002
   10.980000000000000       -1.6079642948752974E-002   2.9313520228124956E-002   9.3090850553628618E-002
   11.010000000000000       -1.6213392647992601E-002   2.9779357967230573E-002   9.4343490196100027E-002
   11.039999999999999       -1.6202140243765088E-002   3.0371796426252935E-002   9.5697352673640421E-002
   11.070000000000000       -1.6048160000792438E-002   3.1087901345292348E-002   9.7149082912166521E-002
   11.100000000000000       -1.5754950765833688E-002   3.1923532208015817E-002   9.8694134218236612E-002
   11.129999999999999       -1.5327186752257973E-002   3.2873395300662807E-002  0.10032682258267880     
   11.160000000000000       -1.4770658704702781E-002   3.3931106217622485E-002  0.10204039031569398     
   11.190000000000000       -1.4092206105181452E-002   3.5089261119630046E-002  0.10382707830506910     
   11.219999999999999       -1.3299641150669726E-002   3.6339515983295559E-002  0.10567820612297586     
   11.250000000000000       -1.2401665293592649E-002   3.7672673021058423E-002  0.10758425914877337     
   11.279999999999999       -1.1407779190327318E-002   3.9078773399192385E-002  0.10953498182572700     
   11.309999999999999       -1.0328186948469240E-002   4.0547195338537380E-002  0.11151947612895555     
   11.340000000000000       -9.1736956008771665E-003   4.2066756648494651E-002  0.11352630429048564     
   11.369999999999999       -7.9556107631754240E-003   4.3625820719699768E-002  0.11554359480518914     
   11.400000000000000       -6.6856294512866281E-003   4.5212404984806789E-002  0.11755915072866455     
   11.430000000000000       -5.3757310465976770E-003   4.6814290850010647E-002  0.11956055927475527     
   11.459999999999999       -4.0380673985129433E-003   4.8419134102247303E-002  0.12153530172622801     
   11.490000000000000       -2.6848530474861969E-003   5.0014574808293986E-002  0.12347086268691841     
   11.520000000000000       -1.3282565362957919E-003   5.1588345742006249E-002  0.12535483772704378     
   11.549999999999999        1.9706246432092374E-005   5.3128378404347448E-002  0.12717503850495360     
   11.580000000000000        1.3472757783255386E-003   5.4622905737278855E-002  0.12891959448782345     
   11.609999999999999        2.6430487984706518E-003   5.6060560676496576E-002  0.13057705044011308     
   11.639999999999999        3.8960735600525069E-003   5.7430469738866875E-002  0.13213645890136208     
   11.670000000000000        5.0959396683467302E-003   5.8722340897605661E-002  0.13358746693339524     
   11.699999999999999        6.2328617916730736E-003   5.9926545061101781E-002  0.13492039648053253     
   11.730000000000000        7.2977565980887563E-003   6.1034190539088824E-002  0.13612631775419828     
   11.760000000000000        8.2823123405394716E-003   6.2037189951889352E-002  0.13719711512465052     
   11.789999999999999        9.1790505871717394E-003   6.2928319113934664E-002  0.13812554507665242     
   11.820000000000000        9.9813796707904044E-003   6.3701267500940781E-002  0.13890528586205050     
   11.850000000000000        1.0683639511254851E-002   6.4350679990239135E-002  0.13953097855969465     
   11.879999999999999        1.1281137546178242E-002   6.4872189645071146E-002  0.13999825933125112     
   11.910000000000000        1.1770175587861680E-002   6.5262441395430915E-002  0.14030378273957542     
   11.940000000000000        1.2148067507207979E-002   6.5519106549575531E-002  0.14044523607381620     
   11.969999999999999        1.2413147727684842E-002   6.5640888150943252E-002  0.14042134470174772     
   12.000000000000000        1.2564770593536679E-002   6.5627517274282607E-002  0.14023186854444553     
   12.029999999999999        1.2603300755699126E-002   6.5479740431692454E-002  0.13987758984083862     
   12.059999999999999        1.2530094795604785E-002   6.5199298333430203E-002  0.13936029243943371     
   12.090000000000000        1.2347474380672836E-002   6.4788896319226116E-002  0.13868273292119238     
   12.119999999999999        1.2058691315177518E-002   6.4252166842943534E-002  0.13784860392075432     
   12.150000000000000        1.1667884915859945E-002   6.3593624456282680E-002  0.13686249007257140     
   12.180000000000000        1.1180032202595242E-002   6.2818613795408526E-002  0.13572981706370346     
   12.209999999999999        1.0600891450207629E-002   6.1933251127497251E-002  0.13445679432570129     
   12.240000000000000        9.9369396977404371E-003   6.0944360061883120E-002  0.13305035194386311     
   12.270000000000000        9.1953048557844672E-003   5.9859402072428451E-002  0.13151807240291100     
   12.299999999999999        8.3836930905447186E-003   5.8686402513654180E-002  0.12986811782353222     
   12.330000000000000        7.5103121949324277E-003   5.7433872842819783E-002  0.12810915337402592     
   12.359999999999999        6.5837916819110991E-003   5.6110729783336567E-002  0.12625026756527766     
   12.389999999999999        5.6131003534628738E-003   5.4726212181493768E-002  0.12430089015527006     
   12.420000000000000        4.6074621097949289E-003   5.3289796318379552E-002  0.12227070840118417     
   12.449999999999999        3.5762707677548409E-003   5.1811110442051285E-002  0.12016958240274896     
   12.480000000000000        2.5290046549107425E-003   5.0299849281469737E-002  0.11800746027979844     
   12.510000000000000        1.4751417364804865E-003   4.8765689293538882E-002  0.11579429391999271     
   12.539999999999999        4.2407601642958513E-004   4.7218205377925135E-002  0.11353995601939844     
   12.570000000000000       -6.1496406817335082E-004   4.5666789771366532E-002  0.11125415911921614     
   12.600000000000000       -1.6329945687678280E-003   4.4120573804183161E-002  0.10894637731655316     
   12.629999999999999       -2.6213516061582044E-003   4.2588353166982292E-002  0.10662577129600344     
   12.660000000000000       -3.5717629932998881E-003   4.1078517295488309E-002  0.10430111729219968     
   12.690000000000000       -4.4764153270165979E-003   3.9598983436441915E-002  0.10198074055179948     
   12.719999999999999       -5.3280160244017372E-003   3.8157135908075526E-002   9.9672453816961631E-002
   12.750000000000000       -6.1198498323286662E-003   3.6759771015292278E-002   9.7383501301718856E-002
   12.779999999999999       -6.8458293945448823E-003   3.5413048022898325E-002   9.5120508578261764E-002
   12.809999999999999       -7.5005395196904873E-003   3.4122446530633579E-002   9.2889438732557644E-002
   12.840000000000000       -8.0792748546835887E-003   3.2892730531904377E-002   9.0695555088511418E-002
   12.869999999999999       -8.5780707306679378E-003   3.1727919374646703E-002   8.8543390737631414E-002
   12.900000000000000       -8.9937270125326312E-003   3.0631265778248377E-002   8.6436725047504354E-002
   12.930000000000000       -9.3238248473052777E-003   2.9605240995540336E-002   8.4378567257933829E-002
   12.959999999999999       -9.5667362709133084E-003   2.8651527144129846E-002   8.2371147208975787E-002
   12.990000000000000       -9.7216266963413515E-003   2.7771016667377767E-002   8.0415913180928847E-002
   13.020000000000000       -9.7884503685429069E-003   2.6963818822683863E-002   7.8513536763205702E-002
   13.049999999999999       -9.7679389320705998E-003   2.6229273033980992E-002   7.6663924607503112E-002
   13.080000000000000       -9.6615833157755650E-003   2.5565968886964829E-002   7.4866236861354671E-002
   13.109999999999999       -9.4716091946254865E-003   2.4971772490082374E-002   7.3118912021511454E-002
   13.139999999999999       -9.2009463412658331E-003   2.4443858872117117E-002   7.1419697893133544E-002
   13.170000000000000       -8.8531922289963941E-003   2.3978750038749715E-002   6.9765688290933409E-002
   13.199999999999999       -8.4325702929868157E-003   2.3572358266109164E-002   6.8153365072587277E-002
   13.229999999999999       -7.9438832974792154E-003   2.3220034169386752E-002   6.6578645053275806E-002
   13.260000000000000       -7.3924622931305995E-003   2.2916619049345253E-002   6.5036931313434104E-002
   13.289999999999999       -6.7841116802810188E-003   2.2656500989255434E-002   6.3523168379936976E-002
   13.320000000000000       -6.1250509205857300E-003   2.2433674149620286E-002   6.2031900734221546E-002
   13.350000000000000       -5.4218534609554040E-003   2.2241800688146657E-002   6.0557334079408359E-002
   13.379999999999999       -4.6813834499872895E-003   2.2074274717887563E-002   5.9093398782424089E-002
   13.410000000000000       -3.9107308379680607E-003   2.1924287707351917E-002   5.7633814896504973E-002
   13.440000000000000       -3.1171454570588699E-003   2.1784894722658581E-002   5.6172158164270423E-002
   13.469999999999999       -2.3079706784554584E-003   2.1649080913447569E-002   5.4701926401752754E-002
   13.500000000000000       -1.4905772382191986E-003   2.1509827651155569E-002   5.3216605669258024E-002
   13.529999999999999       -6.7229781321372745E-004   2.1360177740272344E-002   5.1709735645574448E-002
   13.559999999999999        1.3963708668252061E-004   2.1193299140132623E-002   5.0174973637658181E-002
   13.590000000000000        9.3816136397978746E-004   2.1002546656437075E-002   4.8606156678290456E-002
   13.619999999999999        1.7164331951011014E-003   2.0781521087769660E-002   4.6997361189057632E-002
   13.650000000000000        2.4678920154083831E-003   2.0524125342585707E-002   4.5342959715066834E-002
   13.680000000000000        3.1863121679302380E-003   2.0224617076152467E-002   4.3637674270753657E-002
   13.709999999999999        3.8658527923965758E-003   1.9877657434370564E-002   4.1876625872618561E-002
   13.740000000000000        4.5011035707953817E-003   1.9478355531905720E-002   4.0055379874375963E-002
   13.770000000000000        5.0871259880759809E-003   1.9022308335210882E-002   3.8169986762425501E-002
   13.799999999999999        5.6194898114062825E-003   1.8505635666398762E-002   3.6217018114354987E-002
   13.830000000000000        6.0943045381099204E-003   1.7925010091102391E-002   3.4193597469942015E-002
   13.859999999999999        6.5082456106145955E-003   1.7277681501997086E-002   3.2097425912410854E-002
   13.889999999999999        6.8585752459822645E-003   1.6561496259108861E-002   2.9926802207092221E-002
   13.920000000000000        7.1431577774115351E-003   1.5774910797959313E-002   2.7680637394690812E-002
   13.949999999999999        7.3604694550531615E-003   1.4916999666556850E-002   2.5358463786656557E-002
   13.979999999999999        7.5096027031188979E-003   1.3987458001807533E-002   2.2960438360248352E-002
   14.010000000000000        7.5902648791617558E-003   1.2986598504664692E-002   2.0487340600349475E-002
   14.039999999999999        7.6027716291460620E-003   1.1915343020856898E-002   1.7940564883524624E-002
   14.070000000000000        7.5480349781106397E-003   1.0775208879936951E-002   1.5322107546794568E-002
   14.100000000000000        7.4275463404804174E-003   9.5682901893068707E-003   1.2634548828753912E-002
   14.129999999999999        7.2433546760462333E-003   8.2972343214429822E-003   9.8810299135957645E-003
   14.160000000000000        6.9980400569802335E-003   6.9652138714420830E-003   7.0652253489787093E-003
   14.190000000000000        6.6946829476830193E-003   5.5758943979308077E-003   4.1913111461436905E-003
   14.219999999999999        6.3368295324955654E-003   4.1333982930501761E-003   1.2639289049537865E-003
   14.250000000000000        5.9284534561117900E-003   2.6422651564001268E-003  -1.7118536626905697E-003
   14.279999999999999        5.4739143676865061E-003   1.1074090732908124E-003  -4.7305854105620382E-003
   14.309999999999999        4.9779136819720852E-003  -4.6592678078150843E-004  -7.7864772133439050E-003
   14.340000000000000        4.4454479891938856E-003  -2.0722177699805848E-003  -1.0873449756819304E-002
   14.369999999999999        3.8817605596834790E-003  -3.7057072094526721E-003  -1.3985183205719894E-002
   14.399999999999999        3.2922913994604674E-003  -5.3604570961005970E-003  -1.7115168281580526E-002
   14.430000000000000        2.6826263189555807E-003  -7.0303996918493058E-003  -2.0256758276993428E-002
   14.459999999999999        2.0584454789041202E-003  -8.7093894917430817E-003  -2.3403221531119293E-002
   14.490000000000000        1.4254718751508947E-003  -1.0391255112702689E-002  -2.6547793894157470E-002
   14.520000000000000        7.8942021777301489E-004  -1.2069850646360078E-002  -2.9683730715622750E-002
   14.549999999999999        1.5594664965821797E-004  -1.3739106030954466E-002  -3.2804357902598426E-002
   14.580000000000000       -4.6940026437926742E-004  -1.5393076012655816E-002  -3.5903121609468291E-002
   14.609999999999999       -1.0812268645264017E-003  -1.7025987285684510E-002  -3.8973636139768696E-002
   14.639999999999999       -1.6743396465843004E-003  -1.8632283422991919E-002  -4.2009729663502832E-002
   14.670000000000000       -2.2437880681284391E-003  -2.0206667234798838E-002  -4.5005487379247602E-002
   14.699999999999999       -2.7849045691944350E-003  -2.1744140220674609E-002  -4.7955291779352531E-002
   14.729999999999999       -3.2933414961944670E-003  -2.3240038811773497E-002  -5.0853859708150026E-002
   14.760000000000000       -3.7651046498012953E-003  -2.4690067133002466E-002  -5.3696275937015134E-002
   14.789999999999999       -4.1965832115527521E-003  -2.6090326049936292E-002  -5.6478023015963580E-002
   14.820000000000000       -4.5845758395957224E-003  -2.7437338301871547E-002  -5.9195007198881461E-002
   14.850000000000000       -4.9263127609620906E-003  -2.8728069560162703E-002  -6.1843580278053971E-002
   14.879999999999999       -5.2194737257011854E-003  -2.9959945289550413E-002  -6.4420557203018231E-002
   14.910000000000000       -5.4622017267328639E-003  -3.1130863329213221E-002  -6.6923229398524200E-002
   14.940000000000000       -5.6531124280823656E-003  -3.2239202149392708E-002  -6.9349373736171713E-002
   14.969999999999999       -5.7912992828662415E-003  -3.3283824778308858E-002  -7.1697257153736357E-002
   15.000000000000000       -5.8763343606788032E-003  -3.4264078432357237E-002  -7.3965636954951119E-002
