   5.0000000000000003E-002  0.25545832119413764     
  0.10000000000000001       0.24308490362753934     
  0.15000000000000002       0.22512372112109613     
  0.20000000000000001       0.20214250758274416     
  0.25000000000000000       0.17481699188740213     
  0.30000000000000004       0.14391338000196852     
  0.35000000000000003       0.11026863878471641     
  0.40000000000000002        7.4768905953135956E-002
  0.45000000000000001        3.8326534550918834E-002
  0.50000000000000000        1.8564522068882927E-003
  0.55000000000000004       -3.3747361131484660E-002
  0.60000000000000009       -6.7634425719972496E-002
  0.65000000000000002       -9.9018533308893056E-002
  0.70000000000000007      -0.12719604647887092     
  0.75000000000000000      -0.15156121491124769     
  0.80000000000000004      -0.17161820410281450     
  0.85000000000000009      -0.18698973196229643     
  0.90000000000000002      -0.19742237390450448     
  0.95000000000000007      -0.20278871030207613     
   1.0000000000000000      -0.20308654721548050     
   1.0500000000000000      -0.19843544987124406     
   1.1000000000000001      -0.18907080469867624     
   1.1500000000000001      -0.17533559032895291     
   1.2000000000000002      -0.15767001080255566     
   1.2500000000000000      -0.13659914085466660     
   1.3000000000000000      -0.11271876179391989     
   1.3500000000000001       -8.6679626779266494E-002
   1.4000000000000001       -5.9170477576473840E-002
   1.4500000000000002       -3.0900226176544365E-002
   1.5000000000000000       -2.5797959903334881E-003
   1.5500000000000000        2.5095828372876775E-002
   1.6000000000000001        5.1464778868424231E-002
   1.6500000000000001        7.5914175048118315E-002
   1.7000000000000002        9.7894224939516508E-002
   1.7500000000000000       0.11693019400722691     
   1.8000000000000000       0.13263199785455773     
   1.8500000000000001       0.14470129136116258     
   1.9000000000000001       0.15293602972209661     
   1.9500000000000002       0.15723255625980104     
   2.0000000000000000       0.15758532478489273     
   2.0500000000000003       0.15408439327213086     
   2.1000000000000001       0.14691083763199925     
   2.1499999999999999       0.13633023861058163     
   2.2000000000000002       0.12268440055938457     
   2.2500000000000000       0.10638147517331910     
   2.3000000000000003        8.7884690010325339E-002
   2.3500000000000001        6.7699920253832022E-002
   2.4000000000000004        4.6362388412560351E-002
   2.4500000000000002        2.4422823230481061E-002
   2.5000000000000000        2.4334474913434989E-003
   2.5500000000000003       -1.9065813259012458E-002
   2.6000000000000001       -3.9560508364884672E-002
   2.6500000000000004       -5.8573856431983630E-002
   2.7000000000000002       -7.5677631764195327E-002
   2.7500000000000000       -9.0501480000624857E-002
   2.8000000000000003      -0.10274047131894948     
   2.8500000000000001      -0.11216077229549165     
   2.9000000000000004      -0.11860338473318002     
   2.9500000000000002      -0.12198595663731002     
   3.0000000000000000      -0.12230271494577129     
   3.0500000000000003      -0.11962260223895436     
   3.1000000000000001      -0.11408572323190982     
   3.1500000000000004      -0.10589822533171418     
   3.2000000000000002       -9.5325754960415010E-002
   3.2500000000000000       -8.2685650830938456E-002
   3.3000000000000003       -6.8338058439618252E-002
   3.3500000000000001       -5.2676176297051840E-002
   3.4000000000000004       -3.6115871645477339E-002
   3.4500000000000002       -1.9084928099838829E-002
   3.5000000000000000       -2.0122057887161961E-003
   3.5500000000000003        1.4682997473183516E-002
   3.6000000000000001        3.0601100141150261E-002
   3.6500000000000004        4.5371640294282693E-002
   3.7000000000000002        5.8661693106221074E-002
   3.7500000000000000        7.0183107262254851E-002
   3.8000000000000003        7.9698411191971158E-002
   3.8500000000000001        8.7025287903971724E-002
   3.9000000000000004        9.2039563358251919E-002
   3.9500000000000002        9.4676695022167495E-002
   4.0000000000000000        9.4931783139705378E-002
   4.0499999999999998        9.2858157205111605E-002
   4.1000000000000005        8.8564615110461445E-002
   4.1500000000000004        8.2211413969086794E-002
   4.2000000000000002        7.4005131325618145E-002
   4.2500000000000000        6.4192534586518371E-002
   4.2999999999999998        5.3053615557048975E-002
   4.3500000000000005        4.0893965597568416E-002
   4.4000000000000004        2.8036683956157514E-002
   4.4500000000000002        1.4814025585427057E-002
   4.5000000000000000        1.5590033219632597E-003
   4.5499999999999998       -1.1402838950829709E-002
   4.6000000000000005       -2.3761271666626928E-002
   4.6500000000000004       -3.5228647187383180E-002
   4.7000000000000002       -4.5546414979469069E-002
   4.7500000000000000       -5.4490737183248844E-002
   4.8000000000000007       -6.1877088840277344E-002
   4.8500000000000005       -6.7563760240482468E-002
   4.9000000000000004       -7.1454211820864366E-002
   4.9500000000000002       -7.3498263240211734E-002
   5.0000000000000000       -7.3692126722200740E-002
   5.0500000000000007       -7.2077320166826220E-002
   5.1000000000000005       -6.8738518045541236E-002
   5.1500000000000004       -6.3800418191142835E-002
   5.2000000000000002       -5.7423720809929975E-002
   5.2500000000000000       -4.9800332770552458E-002
   5.3000000000000007       -4.1147925542990044E-002
   5.3500000000000005       -3.1703988780770492E-002
   5.4000000000000004       -2.1719532829682156E-002
   5.4500000000000002       -1.1452601559609768E-002
   5.5000000000000000       -1.1617609668057288E-003
   5.5500000000000007        8.9002717484622206E-003
   5.6000000000000005        1.8492699866886852E-002
   5.6500000000000004        2.7392271958711814E-002
   5.7000000000000002        3.5398328008582162E-002
   5.7500000000000000        4.2337154728260495E-002
   5.8000000000000007        4.8065560331552501E-002
   5.8500000000000005        5.2473602951166591E-002
   5.9000000000000004        5.5486431132037363E-002
   5.9500000000000002        5.7065218488066928E-002
   6.0000000000000000        5.7207196987131066E-002
   6.0500000000000007        5.5944814053703641E-002
   6.1000000000000005        5.3344057618148241E-002
   6.1500000000000004        4.9502010424200951E-002
   6.2000000000000002        4.4543710411153209E-002
   6.2500000000000000        3.8618407846856141E-002
   6.3000000000000007        3.1895322015551210E-002
   6.3500000000000005        2.4559010427785362E-002
   6.4000000000000004        1.6804471357372609E-002
   6.4500000000000002        8.8321055923185170E-003
   6.5000000000000000        8.4266519761323593E-004
   6.5500000000000007       -6.9676844821226205E-003
   6.6000000000000005       -1.4412068531325078E-002
   6.6500000000000004       -2.1317259523602763E-002
   6.7000000000000002       -2.7527587437535288E-002
   6.7500000000000000       -3.2908316434573877E-002
   6.8000000000000007       -3.7348418969223127E-002
   6.8500000000000005       -4.0762695392275575E-002
   6.9000000000000004       -4.3093205413674292E-002
   6.9500000000000002       -4.4309995890852001E-002
   7.0000000000000000       -4.4411126910350082E-002
   7.0500000000000007       -4.3422014686126560E-002
   7.1000000000000005       -4.1394125182624329E-002
   7.1500000000000004       -3.8403066446531200E-002
   7.2000000000000002       -3.4546140300250203E-002
   7.2500000000000000       -2.9939425210345053E-002
   7.3000000000000007       -2.4714471658633323E-002
   7.3500000000000005       -1.9014699029074759E-002
   7.4000000000000004       -1.2991588661171751E-002
   7.4500000000000002       -6.8007710838730740E-003
   7.5000000000000000       -5.9810633881649238E-004
   7.5500000000000007        5.4641453920410031E-003
   7.6000000000000005        1.1240969933685698E-002
   7.6500000000000004        1.6597975898353282E-002
   7.7000000000000002        2.1414424975680916E-002
   7.7500000000000000        2.5585849512301910E-002
   7.8000000000000007        2.9026203513643118E-002
   7.8500000000000005        3.1669506533275785E-002
   7.9000000000000004        3.3470953760474161E-002
   7.9500000000000002        3.4407479546763438E-002
   8.0000000000000000        3.4477775260737246E-002
   8.0500000000000007        3.3701775430655438E-002
   8.0999999999999996        3.2119638394507752E-002
   8.1500000000000004        2.9790258945647279E-002
   8.2000000000000011        2.6789360587783837E-002
   8.2500000000000000        2.3207223857473522E-002
   8.3000000000000007        1.9146114596452758E-002
   8.3499999999999996        1.4717481917539584E-002
   8.4000000000000004        1.0038999765612275E-002
   8.4500000000000011        5.2315283044994387E-003
   8.5000000000000000        4.1607177110960375E-004
   8.5500000000000007       -4.2891921070435535E-003
   8.5999999999999996       -8.7717395038317339E-003
   8.6500000000000004       -1.2927318353800029E-002
   8.7000000000000011       -1.6662297254231150E-002
   8.7500000000000000       -1.9895694288617361E-002
   8.8000000000000007       -2.2560844044665893E-002
   8.8499999999999996       -2.4606671266593758E-002
   8.9000000000000004       -2.5998550197890991E-002
   8.9500000000000011       -2.6718739430293924E-002
   9.0000000000000000       -2.6766392699661253E-002
   9.0500000000000007       -2.6157156317423901E-002
   9.0999999999999996       -2.4922373590425980E-002
   9.1500000000000004       -2.3107925486274192E-002
   9.2000000000000011       -2.0772744793555020E-002
   9.2500000000000000       -1.7987047971220346E-002
   9.3000000000000007       -1.4830334656395123E-002
   9.3499999999999996       -1.1389209294091825E-002
   9.4000000000000004       -7.7550824705770773E-003
   9.4500000000000011       -4.0218112015851584E-003
   9.5000000000000000       -2.8333760551066791E-004
   9.5500000000000007        3.3686159219040910E-003
   9.6000000000000014        6.8467396771346731E-003
   9.6500000000000004        1.0070166526979903E-002
   9.7000000000000011        1.2966292795538698E-002
   9.7500000000000000        1.5472350635299772E-002
   9.8000000000000007        1.7536699562915117E-002
   9.8500000000000014        1.9119812649794253E-002
   9.9000000000000004        2.0194941039832767E-002
   9.9500000000000011        2.0748448795177125E-002
   10.000000000000000        2.0779818333391740E-002
   10.050000000000001        2.0301334721893344E-002
   10.100000000000001        1.9337464664857144E-002
   10.150000000000000        1.7923953001005303E-002
   10.200000000000001        1.6106665793290273E-002
   10.250000000000000        1.3940214515683417E-002
   10.300000000000001        1.1486400326008847E-002
   10.350000000000001        8.8125208712814089E-003
   10.400000000000000        5.9895844361369504E-003
   10.450000000000001        3.0904774705988796E-003
   10.500000000000000        1.8813160169853802E-004
   10.550000000000001       -2.6462648446937197E-003
   10.600000000000001       -5.3449679668995838E-003
   10.650000000000000       -7.8452524193800346E-003
   10.700000000000001       -1.0090823047943816E-002
   10.750000000000000       -1.2033033441702626E-002
   10.800000000000001       -1.3631886370675791E-002
   10.850000000000001       -1.4856797104108680E-002
   10.900000000000000       -1.5687106930310505E-002
   10.950000000000001       -1.6112340654035114E-002
   11.000000000000000       -1.6132208268534058E-002
   11.050000000000001       -1.5756357233242160E-002
   11.100000000000001       -1.5003887694265325E-002
   11.150000000000000       -1.3902648437066406E-002
   11.200000000000001       -1.2488336247030451E-002
   11.250000000000000       -1.0803425576587221E-002
   11.300000000000001       -8.8959588949687925E-003
   11.350000000000001       -6.8182307621567359E-003
   11.400000000000000       -4.6254004732741421E-003
   11.450000000000001       -2.3740690340937781E-003
   11.500000000000000       -1.2085624419561894E-004
   11.550000000000001        2.0789872039306705E-003
   11.600000000000001        4.1728994160494005E-003
   11.650000000000000        6.1122280838792342E-003
   11.700000000000001        7.8533248793806396E-003
   11.750000000000000        9.3584897732124032E-003
   11.800000000000001        1.0596745892058385E-002
   11.850000000000001        1.1544430192388228E-002
   11.900000000000000        1.2185590127952173E-002
   11.950000000000001        1.2512181495407646E-002
   12.000000000000000        1.2524067630575925E-002
   12.050000000000001        1.2228824976769097E-002
   12.100000000000001        1.1641364644713994E-002
   12.150000000000000        1.0783383829207042E-002
   12.200000000000001        9.6826647503610828E-003
   12.250000000000000        8.3722420688881680E-003
   12.300000000000001        6.8894624200502696E-003
   12.350000000000001        5.2749617684142956E-003
   12.400000000000000        3.5715876690815733E-003
   12.450000000000001        1.8232942103763167E-003
   12.500000000000000        7.4037404735031185E-005
   12.550000000000001       -1.6333018971795730E-003
   12.600000000000001       -3.2579418378569786E-003
   12.650000000000000       -4.7621463461931680E-003
   12.700000000000001       -6.1120735973229368E-003
   12.750000000000000       -7.2785077963917087E-003
   12.800000000000001       -8.2374592739651795E-003
   12.850000000000001       -8.9706214947947518E-003
   12.900000000000000       -9.4656773811634832E-003
   12.950000000000001       -9.7164512376580227E-003
   13.000000000000000       -9.7229064381418942E-003
   13.050000000000001       -9.4909928040739500E-003
   13.100000000000001       -9.0323511781415060E-003
   13.150000000000000       -8.3638859979466140E-003
   13.200000000000001       -7.5072196294250597E-003
   13.250000000000000       -6.4880447668265780E-003
   13.300000000000001       -5.3353932942126698E-003
   13.350000000000001       -4.0808415928798650E-003
   13.400000000000000       -2.7576733425552684E-003
   13.450000000000001       -1.4000213872295717E-003
   13.500000000000000       -4.2010218005072205E-005
   13.550000000000001        1.2830799223296364E-003
   13.600000000000001        2.5436073596842353E-003
   13.650000000000000        3.7103032979920311E-003
   13.700000000000001        4.7569296156069717E-003
   13.750000000000000        5.6608459392352359E-003
   13.800000000000001        6.4034743699884792E-003
   13.850000000000001        6.9706530400715548E-003
   13.900000000000000        7.3528726269590098E-003
   13.950000000000001        7.5453929680614536E-003
   14.000000000000000        7.5482399270383714E-003
   14.050000000000001        7.3660855899342582E-003
   14.100000000000001        7.0080176463185768E-003
   14.150000000000000        6.4872063743564717E-003
   14.200000000000001        5.8204799427962793E-003
   14.250000000000000        5.0278207186019675E-003
   14.300000000000001        4.1317968863903657E-003
   14.350000000000001        3.1569449142932666E-003
   14.400000000000000        2.1291192195725230E-003
   14.450000000000001        1.0748257857510193E-003
   14.500000000000000        2.0556461094399341E-005
   14.550000000000001       -1.0078597637425825E-003
   14.600000000000001       -1.9858730229273206E-003
   14.650000000000000       -2.8907820935500372E-003
   14.700000000000001       -3.7022443747569489E-003
   14.750000000000000       -4.4027153189616997E-003
   14.800000000000001       -4.9778083127254612E-003
   14.850000000000001       -5.4165681816333126E-003
   14.900000000000000       -5.7116537822819967E-003
   14.950000000000001       -5.8594274860997875E-003
   15.000000000000000       -5.8599516953598638E-003
   15.050000000000001       -5.7168948045197869E-003
   15.100000000000001       -5.4373511761876044E-003
   15.150000000000000       -5.0315816911588734E-003
   15.200000000000001       -4.5126832119715887E-003
   15.250000000000000       -3.8961968313191552E-003
   15.300000000000001       -3.1996660293268551E-003
   15.350000000000001       -2.4421568134265635E-003
   15.400000000000000       -1.6437525454699510E-003
   15.450000000000001       -8.2503646498351265E-004
   15.500000000000000       -6.5748954102986092E-006
   15.550000000000001        7.9158621986113618E-004
   15.600000000000001        1.5503994468895812E-003
   15.650000000000000        2.2522575720111005E-003
   15.700000000000001        2.8813889801421618E-003
   15.750000000000000        3.4241981707397646E-003
   15.800000000000001        3.8695444403316894E-003
   15.850000000000001        4.2089534509844040E-003
   15.900000000000000        4.4367581812862922E-003
   15.950000000000001        4.5501675745140352E-003
   16.000000000000000        4.5492630120127896E-003
   16.050000000000001        4.4369245042276883E-003
   16.100000000000001        4.2186901654486606E-003
   16.150000000000002        3.9025540826681010E-003
   16.199999999999999        3.4987090696269470E-003
   16.250000000000000        3.0192419845851224E-003
   16.300000000000001        2.4777902604320211E-003
   16.350000000000001        1.8891690301188558E-003
   16.400000000000002        1.2689787168569389E-003
   16.449999999999999        6.3320319120764232E-004
   16.500000000000000       -2.1914234483304566E-006
   16.550000000000001       -6.2164748286341984E-004
   16.600000000000001       -1.2103867784439295E-003
   16.650000000000002       -1.7547531228038627E-003
   16.699999999999999       -2.2425188791090154E-003
   16.750000000000000       -2.6631488250176702E-003
   16.800000000000001       -3.0080159531917080E-003
   16.850000000000001       -3.2705651234442700E-003
   16.900000000000002       -3.4464218617670413E-003
   16.949999999999999       -3.5334450131736484E-003
   17.000000000000000       -3.5317233631120938E-003
   17.050000000000001       -3.4435177117824022E-003
   17.100000000000001       -3.2731511845302745E-003
   17.150000000000002       -3.0268517596284943E-003
   17.199999999999999       -2.7125520654752914E-003
   17.250000000000000       -2.3396524195701440E-003
   17.300000000000001       -1.9187538328291895E-003
   17.350000000000001       -1.4613682706975759E-003
   17.400000000000002       -9.7961383773081121E-004
   17.449999999999999       -4.8590273040246981E-004
   17.500000000000000        7.3702156690739953E-006
   17.550000000000001        4.8813076780493853E-004
   17.600000000000001        9.4491310280110869E-004
   17.650000000000002        1.3671255118487568E-003
   17.699999999999999        1.7452880460636579E-003
   17.750000000000000        2.0712369815024420E-003
   17.800000000000001        2.3382919237915239E-003
   17.850000000000001        2.5413823925953425E-003
   17.900000000000002        2.6771317980836158E-003
   17.949999999999999        2.7438978177289157E-003
   18.000000000000000        2.7417692747052098E-003
   18.050000000000001        2.6725206821871404E-003
   18.100000000000001        2.5395266257115788E-003
   18.150000000000002        2.3476390851943909E-003
   18.199999999999999        2.1030316284362882E-003
   18.250000000000000        1.8130151211802033E-003
   18.300000000000001        1.4858301804709156E-003
   18.350000000000001        1.1304220372521934E-003
   18.400000000000002        7.5620376359969346E-004
   18.449999999999999        3.7281395634607215E-004
   18.500000000000000       -1.0125047445099270E-005
   18.550000000000001       -3.8324251247909069E-004
   18.600000000000001       -7.3764259956133997E-004
   18.650000000000002       -1.0651104424161816E-003
   18.699999999999999       -1.3582963882944510E-003
   18.750000000000000       -1.6108744342454425E-003
   18.800000000000001       -1.8176716224773224E-003
   18.850000000000001       -1.9747659507750020E-003
   18.900000000000002       -2.0795511865169792E-003
   18.949999999999999       -2.1307678240175092E-003
   19.000000000000000       -2.1285002733944644E-003
   19.050000000000001       -2.0741411942152184E-003
   19.100000000000001       -1.9703246691930966E-003
   19.150000000000002       -1.8208306341353350E-003
   19.200000000000003       -1.6304636240680702E-003
   19.250000000000000       -1.4049094481617945E-003
   19.300000000000001       -1.1505738564961670E-003
   19.350000000000001       -8.7440760135756466E-004
   19.400000000000002       -5.8372251909412907E-004
   19.450000000000003       -2.8600336298161927E-004
   19.500000000000000        1.1279896525600013E-005
   19.550000000000001        3.0085471708026748E-004
   19.600000000000001        5.7581922666379666E-004
   19.650000000000002        8.2980205323407723E-004
   19.700000000000003        1.0571051611689927E-003
   19.750000000000000        1.2528266197804740E-003
   19.800000000000001        1.4129607977715320E-003
   19.850000000000001        1.5344740932861551E-003
   19.900000000000002        1.6153549558808476E-003
   19.950000000000003        1.6546376177030905E-003
   20.000000000000000        1.6523996098439953E-003
   20.050000000000001        1.6097337801631859E-003
   20.100000000000001        1.5286961356428420E-003
   20.150000000000002        1.4122313914996703E-003
   20.200000000000003        1.2640786083692502E-003
   20.250000000000000        1.0886597271598237E-003
   20.300000000000001        8.9095415993376936E-004
   20.350000000000001        6.7636285785788067E-004
   20.400000000000002        4.5056544957980946E-004
   20.450000000000003        2.1937412336748291E-004
   20.500000000000000       -1.1412085668929502E-005
   20.550000000000001       -2.3614904338054894E-004
   20.600000000000001       -4.4948192564032855E-004
   20.650000000000002       -6.4646917903623570E-004
   20.700000000000003       -8.2269325731406772E-004
   20.750000000000000       -9.7435575110443558E-004
   20.800000000000001       -1.0983549704251638E-003
   20.850000000000001       -1.1923445178980265E-003
   20.900000000000002       -1.2547718929173824E-003
   20.950000000000003       -1.2848966802517245E-003
   21.000000000000000       -1.2827883878985657E-003
   21.050000000000001       -1.2493044959701769E-003
   21.100000000000001       -1.1860497491506833E-003
   21.150000000000002       -1.0953181589602522E-003
   21.200000000000003       -9.8001956899587011E-004
   21.250000000000000       -8.4359296818362962E-004
   21.300000000000001       -6.8990900712259326E-004
   21.350000000000001       -5.2316437575446043E-004
   21.400000000000002       -3.4777083354924152E-004
   21.450000000000003       -1.6824174464894571E-004
   21.500000000000000        1.0921039753296520E-005
   21.550000000000001        1.8533718907153224E-004
   21.600000000000001        3.5085217355055530E-004
   21.650000000000002        5.0363340534196905E-004
   21.700000000000003        6.4025608842934421E-004
   21.750000000000000        7.5777693134472285E-004
   21.800000000000001        8.5379422014607298E-004
   21.850000000000001        9.2649312087521893E-004
   21.900000000000002        9.7467547087213538E-004
   21.950000000000003        9.9777371686365934E-004
   22.000000000000000        9.9584905469835721E-004
   22.050000000000001        9.6957421127977282E-004
   22.100000000000001        9.2020167449214101E-004
   22.150000000000002        8.4951851328087652E-004
   22.200000000000003        7.5978923002793016E-004
   22.250000000000000        6.5368834451161751E-004
   22.300000000000001        5.3422461783326147E-004
   22.350000000000001        4.0465898180751703E-004
   22.400000000000002        2.6841834189870377E-004
   22.450000000000003        1.2900746869006063E-004
   22.500000000000000       -1.0078815662505753E-005
   22.550000000000001       -1.4544101192253076E-004
   22.600000000000001       -2.7385584849651560E-004
   22.650000000000002       -3.9235084595185124E-004
   22.700000000000003       -4.9827087299160900E-004
   22.750000000000000       -5.8933526347221786E-004
   22.800000000000001       -6.6368433107154171E-004
   22.850000000000001       -7.1991440706334158E-004
   22.900000000000002       -7.5710082970584702E-004
   22.950000000000003       -7.7480862322654664E-004
   23.000000000000000       -7.7309091253949843E-004
   23.050000000000001       -7.5247541914912465E-004
   23.100000000000001       -7.1393966706412640E-004
   23.150000000000002       -6.5887578842411555E-004
   23.200000000000003       -5.8904605110166736E-004
   23.250000000000000       -5.0653042979485914E-004
   23.300000000000001       -4.1366770402142557E-004
   23.350000000000001       -3.1299168793285070E-004
   23.400000000000002       -2.0716427601733792E-004
   23.450000000000003       -9.8907024673592603E-005
   23.500000000000000        9.0670174871111919E-006
   23.550000000000001        1.1411956666536622E-004
   23.600000000000001        2.1374987273693210E-004
   23.650000000000002        3.0565254931453191E-004
   23.700000000000003        3.8776917163608576E-004
   23.750000000000000        4.5833253393260314E-004
   23.800000000000001        5.1590266548350754E-004
   23.850000000000001        5.5939392900197739E-004
   23.900000000000002        5.8809276038670989E-004
   23.950000000000003        6.0166584918787392E-004
   24.000000000000000        6.0015879835327276E-004
   24.050000000000001        5.8398553411258193E-004
   24.100000000000001        5.5390895670539458E-004
   24.150000000000002        5.1101352498805763E-004
   24.200000000000003        4.5667064824634062E-004
   24.250000000000000        3.9249791293001881E-004
   24.300000000000001        3.2031329737672288E-004
   24.350000000000001        2.4208562156072570E-004
   24.400000000000002        1.5988253996982311E-004
   24.450000000000003        7.5817413206120954E-005
   24.500000000000000       -8.0036120102590109E-006
   24.550000000000001       -8.9533023101980220E-005
   24.600000000000001       -1.6683063985334053E-004
   24.650000000000002       -2.3810846552847016E-004
   24.700000000000003       -3.0177068821139784E-004
   24.750000000000000       -3.5644797357828681E-004
   24.800000000000001       -4.0102535164326377E-004
   24.850000000000001       -4.3466317440470455E-004
   24.900000000000002       -4.5681080415952476E-004
   24.950000000000003       -4.6721287885781194E-004
   25.000000000000000       -4.6590818657307205E-004
   25.050000000000001       -4.5322136143737787E-004
   25.100000000000001       -4.2974778395500239E-004
   25.150000000000002       -3.9633222552687137E-004
   25.200000000000003       -3.5404191678824551E-004
   25.250000000000000       -3.0413483898798186E-004
   25.300000000000001       -2.4802413469239104E-004
   25.350000000000001       -1.8723960676652766E-004
   25.400000000000002       -1.2338732169983542E-004
   25.450000000000003       -5.8108354385835083E-005
   25.500000000000000        6.9622934269670286E-006
   25.550000000000001        7.0235598855489768E-005
   25.600000000000001        1.3020629947775472E-004
   25.650000000000002        1.8548767825627191E-004
   25.700000000000003        2.3484257447410666E-004
   25.750000000000000        2.7720995526476648E-004
   25.800000000000001        3.1172650771865739E-004
   25.850000000000001        3.3774284704578435E-004
   25.900000000000002        3.5483407829442758E-004
   25.950000000000003        3.6280459402606894E-004
   26.000000000000000        3.6168713450577996E-004
   26.050000000000001        3.5173627687130963E-004
   26.100000000000001        3.3341665207204535E-004
   26.150000000000002        3.0738631006834555E-004
   26.200000000000003        2.7447576213665933E-004
   26.250000000000000        2.3566332181535295E-004
   26.300000000000001        1.9204744117104608E-004
   26.350000000000001        1.4481679526307905E-004
   26.400000000000002        9.5218904031267200E-005
   26.450000000000003        4.4528096935009801E-005
   26.500000000000000       -5.9863783583883888E-006
   26.550000000000001       -5.5091325499671987E-005
   26.600000000000001       -1.0161891148836429E-004
   26.650000000000002       -1.4449364450015923E-004
   26.700000000000003       -1.8275641490872398E-004
   26.750000000000000       -2.1558508391673575E-004
   26.800000000000001       -2.4231120168450110E-004
   26.850000000000001       -2.6243254212489657E-004
   26.900000000000002       -2.7562125184602416E-004
   26.950000000000003       -2.8172752323939339E-004
   27.000000000000000       -2.8077881361986991E-004
   27.050000000000001       -2.7297474089753510E-004
   27.100000000000001       -2.5867788892432723E-004
   27.150000000000002       -2.3840085004248290E-004
   27.200000000000003       -2.1278991636197099E-004
   27.250000000000000       -1.8260590311194663E-004
   27.300000000000001       -1.4870264559179353E-004
   27.350000000000001       -1.1200375470607206E-004
   27.400000000000002       -7.3478244107932222E-005
   27.450000000000003       -3.4115654295721452E-005
   27.500000000000000        5.0987043012670917E-006
   27.550000000000001        4.3207785677950421E-005
   27.600000000000001        7.9305549271436264E-005
   27.650000000000002        1.1255788281997146E-004
   27.700000000000003        1.4222123990652693E-004
   27.750000000000000        1.6765859269995509E-004
   27.800000000000001        1.8835237617164250E-004
   27.850000000000001        2.0391418186761775E-004
   27.900000000000002        2.1409104500005939E-004
   27.950000000000003        2.1876825599175770E-004
   28.000000000000000        2.1796871447961859E-004
   28.050000000000001        2.1184892804281837E-004
   28.100000000000001        2.0069183756871251E-004
   28.150000000000002        1.8489672436903271E-004
   28.200000000000003        1.6496651927811444E-004
   28.250000000000000        1.4149288961048701E-004
   28.300000000000001        1.1513952490066027E-004
   28.350000000000001        8.6624075954745900E-005
   28.400000000000002        5.6699223374242301E-005
   28.450000000000003        2.6133361136326649E-005
   28.500000000000000       -4.3086218934082371E-006
   28.550000000000001       -3.3883994111011575E-005
   28.600000000000001       -6.1889824167613906E-005
   28.650000000000002       -8.7679207781662629E-005
   28.700000000000003       -1.1067571621746176E-004
   28.750000000000000       -1.3038575690057380E-004
   28.800000000000001       -1.4640859553159515E-004
   28.850000000000001       -1.5844385261913176E-004
   28.900000000000002       -1.6629635390655328E-004
   28.950000000000003       -1.6987828200985730E-004
   29.000000000000000       -1.6920864402135557E-004
   29.050000000000001       -1.6441013522382574E-004
   29.100000000000001       -1.5570354085139723E-004
   29.150000000000002       -1.4339987460283403E-004
   29.200000000000003       -1.2789050309475644E-004
   29.250000000000000       -1.0963554855710067E-004
   29.300000000000001       -8.9150896948618391E-005
   29.350000000000001       -6.6994164658000318E-005
   29.400000000000002       -4.3749993641754479E-005
   29.450000000000003       -2.0015052057033743E-005
   29.500000000000000        3.6168847634335588E-006
   29.550000000000001        2.6569409486685251E-005
   29.600000000000001        4.8297170559508454E-005
   29.650000000000002        6.8298456927263145E-005
   29.700000000000003        8.6126398942406923E-005
   29.750000000000000        1.0139854563569184E-004
   29.800000000000001        1.1380462429782724E-004
   29.850000000000001        1.2311233770413108E-004
   29.900000000000002        1.2917110600914550E-004
   29.950000000000003        1.3191371301811105E-004
   30.000000000000000        1.3135586889228187E-004
   30.050000000000001        1.2759375209099225E-004
   30.100000000000001        1.2079964129198765E-004
   30.150000000000002        1.1121579205850246E-004
   30.200000000000003        9.9146752156038207E-005
   30.250000000000000        8.4950342827292330E-005
   30.300000000000001        6.9027560334999728E-005
   30.350000000000001        5.1811672178149969E-005
   30.400000000000002        3.3756795257424712E-005
   30.450000000000003        1.5326248776067751E-005
   30.500000000000000       -3.0190271382542422E-006
   30.550000000000001       -2.0831704989831067E-005
   30.600000000000001       -3.7688689122904529E-005
   30.650000000000002       -5.3200875769358589E-005
   30.700000000000003       -6.7021836293916856E-005
   30.750000000000000       -7.8855237817389523E-005
   30.800000000000001       -8.8460850978251533E-005
   30.850000000000001       -9.5659032963951447E-005
   30.900000000000002       -1.0033361409596637E-004
   30.950000000000003       -1.0243315715845408E-004
   31.000000000000000       -1.0197059929838619E-004
   31.050000000000001       -9.9021325706339042E-005
   31.100000000000001       -9.3719761478252390E-005
   31.150000000000002       -8.6254602203012030E-005
   31.200000000000003       -7.6862834158299235E-005
   31.250000000000000       -6.5822720879680162E-005
   31.300000000000001       -5.3445953772638912E-005
   31.350000000000001       -4.0069179976467430E-005
   31.400000000000002       -2.6045130616039474E-005
   31.450000000000003       -1.1733576789601394E-005
   31.500000000000000        2.5076608225143710E-006
   31.550000000000001        1.6331429804175706E-005
   31.600000000000001        2.9409484531110986E-005
   31.650000000000002        4.1440055518964530E-005
   31.700000000000003        5.2154580872197695E-005
   31.750000000000000        6.1323455860810467E-005
   31.800000000000001        6.8760684307059733E-005
   31.850000000000001        7.4327345277957303E-005
   31.900000000000002        7.7933819766949202E-005
   31.950000000000003        7.9540753811358875E-005
   32.000000000000000        7.9158766038334874E-005
   32.050000000000004        7.6846938193722678E-005
   32.100000000000001        7.2710156061332653E-005
   32.149999999999999        6.6895394660319374E-005
   32.200000000000003        5.9587065126375976E-005
   32.250000000000000        5.1001560736048863E-005
   32.300000000000004        4.1381155717988440E-005
   32.350000000000001        3.0987422510578160E-005
   32.399999999999999        2.0094340781965470E-005
   32.450000000000003        8.9812747474430743E-006
   32.500000000000000       -2.0740058675256587E-006
   32.550000000000004       -1.2802091323365832E-005
   32.600000000000001       -2.2948323405396103E-005
   32.649999999999999       -3.2278665761992761E-005
   32.700000000000003       -4.0584922248643010E-005
   32.750000000000000       -4.7689191728308214E-005
   32.800000000000004       -5.3447469274081106E-005
   32.850000000000001       -5.7752326884618127E-005
   32.899999999999999       -6.0534631047005124E-005
   32.950000000000003       -6.1764279145586610E-005
   33.000000000000000       -6.1449961203598798E-005
   33.050000000000004       -5.9637977161620016E-005
   33.100000000000001       -5.6410162281097140E-005
   33.149999999999999       -5.1880993797433430E-005
   33.200000000000003       -4.6193970178394405E-005
   33.250000000000000       -3.9517369880863203E-005
   33.300000000000004       -3.2039509028941119E-005
   33.350000000000001       -2.3963626727242329E-005
   33.399999999999999       -1.5502532628324761E-005
   33.450000000000003       -6.8731538325013909E-006
   33.500000000000000        1.7088827623213539E-006
   33.550000000000004        1.0034500814596678E-005
   33.600000000000001        1.7906133145611623E-005
   33.649999999999999        2.5142274406307157E-005
   33.700000000000003        3.1581526412595671E-005
   33.750000000000000        3.7086049721747001E-005
   33.800000000000004        4.1544351730195026E-005
   33.850000000000001        4.4873359571334861E-005
   33.899999999999999        4.7019744907317455E-005
   33.950000000000003        4.7960486860095684E-005
   34.000000000000000        4.7702678336432582E-005
   34.050000000000004        4.6282599407061707E-005
   34.100000000000001        4.3764098765856912E-005
   34.149999999999999        4.0236340221261014E-005
   34.200000000000003        3.5810985305125112E-005
   34.250000000000000        3.0618895122104569E-005
   34.300000000000004        2.4806444263285193E-005
   34.350000000000001        1.8531546791548145E-005
   34.399999999999999        1.1959498860237580E-005
   34.450000000000003        5.2587444051409439E-006
   34.500000000000000       -1.4033304265036354E-006
   34.550000000000004       -7.8644717919077717E-006
   34.600000000000001       -1.3971405064277051E-005
   34.649999999999999       -1.9583365580773447E-005
   34.700000000000003       -2.4575234627659150E-005
   34.750000000000000       -2.8840213700055666E-005
   34.800000000000004       -3.2291983060088858E-005
   34.850000000000001       -3.4866304601286544E-005
   34.899999999999999       -3.6522043641395836E-005
   34.950000000000003       -3.7241599136487118E-005
   35.000000000000000       -3.7030746565568097E-005
   35.050000000000004       -3.5917912018272984E-005
   35.100000000000001       -3.3952909490401769E-005
   35.149999999999999       -3.1205185743372320E-005
   35.200000000000003       -2.7761628039430060E-005
   35.250000000000000       -2.3723999391207688E-005
   35.300000000000004       -1.9206073474160809E-005
   35.350000000000001       -1.4330546904952091E-005
   35.399999999999999       -9.2258101008142846E-006
   35.450000000000003       -4.0226593693131785E-006
   35.500000000000000        1.1489677484483073E-006
   35.550000000000004        6.1631544784287782E-006
   35.600000000000001        1.0900989255439188E-005
   35.649999999999999        1.5253303926271367E-005
   35.700000000000003        1.9123104784153583E-005
   35.750000000000000        2.2427644553405536E-005
   35.800000000000004        2.5100093536913821E-005
   35.850000000000001        2.7090779004244581E-005
   35.899999999999999        2.8367973249369264E-005
   35.950000000000003        2.8918222293849503E-005
   36.000000000000000        2.8746218666117171E-005
   36.050000000000004        2.7874232771855272E-005
   36.100000000000001        2.6341127822127903E-005
   36.149999999999999        2.4200992864576215E-005
   36.200000000000003        2.1521436955839078E-005
   36.250000000000000        1.8381594739443016E-005
   36.300000000000004        1.4869899507365863E-005
   36.350000000000001        1.1081684118173601E-005
   36.399999999999999        7.1166728528214485E-006
   36.450000000000003        3.0764283842104465E-006
   36.500000000000000       -9.3818246809831777E-007
   36.550000000000004       -4.8294425786309582E-006
   36.600000000000001       -8.5050998432242838E-006
   36.649999999999999       -1.1880490730046295E-005
   36.700000000000003       -1.4880424821818467E-005
   36.750000000000000       -1.7440790153175236E-005
   36.800000000000004       -1.9509846992516955E-005
   36.850000000000001       -2.1049186159588790E-005
   36.899999999999999       -2.2034336786611985E-005
   36.950000000000003       -2.2455017396731290E-005
   37.000000000000000       -2.2315033065423930E-005
   37.050000000000004       -2.1631830032341741E-005
   37.100000000000001       -2.0435727239335568E-005
   37.149999999999999       -1.8768851698825677E-005
   37.200000000000003       -1.6683811180234301E-005
   37.250000000000000       -1.4242143300710931E-005
   37.300000000000004       -1.1512584607320023E-005
   37.350000000000001       -8.5692065583907773E-006
   37.399999999999999       -5.4894674000067585E-006
   37.450000000000003       -2.3522297692828501E-006
   37.500000000000000        7.6420655002033733E-007
   37.550000000000004        3.7840089008654485E-006
   37.600000000000001        6.6356079748684493E-006
   37.649999999999999        9.2533446766382925E-006
   37.700000000000003        1.1578931016289485E-005
   37.750000000000000        1.3562693887556646E-005
   37.800000000000004        1.5164576686807177E-005
   37.850000000000001        1.6354880287263906E-005
   37.899999999999999        1.7114731730689115E-005
   37.950000000000003        1.7436275960647282E-005
   38.000000000000000        1.7322592823842280E-005
   38.050000000000004        1.6787348241294495E-005
   38.100000000000001        1.5854194741418007E-005
   38.149999999999999        1.4555942307889962E-005
   38.200000000000003        1.2933525598669407E-005
   38.250000000000000        1.1034797930020800E-005
   38.300000000000004        8.9131859038083852E-006
   38.350000000000001        6.6262411236108670E-006
   38.400000000000006        4.2341270553910084E-006
   38.450000000000003        1.7980797260198766E-006
   38.500000000000000       -6.2111937340444017E-007
   38.550000000000004       -2.9646210706947414E-006
   38.600000000000001       -5.1769020093208708E-006
   38.650000000000006       -7.2070418252535510E-006
   38.700000000000003       -9.0098556210707304E-006
   38.750000000000000       -1.0546857609279235E-005
   38.800000000000004       -1.1787036536359976E-005
   38.850000000000001       -1.2707428595129567E-005
   38.900000000000006       -1.3293478851857620E-005
   38.950000000000003       -1.3539187620306554E-005
   39.000000000000000       -1.3447043572856889E-005
   39.050000000000004       -1.3027750559068400E-005
   39.100000000000001       -1.2299759981936476E-005
   39.150000000000006       -1.1288625049683005E-005
   39.200000000000003       -1.0026197177024510E-005
   39.250000000000000       -8.5496881703494923E-006
   39.300000000000004       -6.9006245286703398E-006
   39.350000000000001       -5.1237221770820843E-006
   39.400000000000006       -3.2657111909455734E-006
   39.450000000000003       -1.3741405552844510E-006
   39.500000000000000        5.0380725808960191E-007
   39.550000000000004        2.3224630983061088E-006
   39.600000000000001        4.0387521966087541E-006
   39.650000000000006        5.6131846386371876E-006
   39.700000000000003        7.0107332459690216E-006
   39.750000000000000        8.2015801735927261E-006
   39.800000000000004        9.1617172137750686E-006
   39.850000000000001        9.8733887562185028E-006
   39.900000000000006        1.0325370485577428E-005
   39.950000000000003        1.0513081094810228E-005
   40.000000000000000        1.0438528451994102E-005
   40.050000000000004        1.0110095678179168E-005
   40.100000000000001        9.5421763795984379E-006
   40.150000000000006        8.7546717421856116E-006
   40.200000000000003        7.7723652630272992E-006
   40.250000000000000        6.6241934969056927E-006
   40.300000000000004        5.3424332842641234E-006
   40.350000000000001        3.9618274614747453E-006
   40.400000000000006        2.5186720114492243E-006
   40.450000000000003        1.0498879833939006E-006
   40.500000000000000       -4.0789869955318577E-007
   40.550000000000004       -1.8192471972875422E-006
   40.600000000000001       -3.1507404262450196E-006
   40.650000000000006       -4.3717531840356845E-006
   40.700000000000003       -5.4551326698730499E-006
   40.750000000000000       -6.3777769181532542E-006
   40.800000000000004       -7.1210995257327582E-006
   40.850000000000001       -7.6713721297437965E-006
   40.900000000000006       -8.0199393014776785E-006
   40.950000000000003       -8.1633037810341171E-006
   41.000000000000000       -8.1030832059685300E-006
   41.050000000000004       -7.8458426067355262E-006
   41.100000000000001       -7.4028098786202993E-006
   41.150000000000006       -6.7894841266834126E-006
   41.200000000000003       -6.0251491574424820E-006
   41.250000000000000       -5.1323064080761266E-006
   41.300000000000004       -4.1360432204466171E-006
   41.350000000000001       -3.0633535536071928E-006
   41.400000000000006       -1.9424289663754949E-006
   41.450000000000003       -8.0193798414841990E-007
   41.500000000000000        3.2968820413461257E-007
   41.550000000000004        1.4249463767092713E-006
   41.600000000000001        2.4579119087401982E-006
   41.650000000000006        3.4048344607062777E-006
   41.700000000000003        4.2446655045860625E-006
   41.750000000000000        4.9595064675068065E-006
   41.800000000000004        5.5349684979011134E-006
   41.850000000000001        5.9604372493376778E-006
   41.900000000000006        6.2292385693804195E-006
   41.950000000000003        6.3387035114732590E-006
   42.000000000000000        6.2901335939837224E-006
   42.050000000000004        6.0886696513798392E-006
   42.100000000000001        5.7430699008831688E-006
   42.150000000000006        5.2654049315780515E-006
   42.200000000000003        4.6706791656824957E-006
   42.250000000000000        3.9763899043755240E-006
   42.300000000000004        3.2020363219442824E-006
   42.350000000000001        2.3685916891863213E-006
   42.400000000000006        1.4979526758622984E-006
   42.450000000000003        6.1237979731276367E-007
   42.500000000000000       -2.6605706430719437E-007
   42.550000000000004       -1.1160146063111273E-006
   42.600000000000001       -1.9173808519103450E-006
   42.650000000000006       -2.6517371104978077E-006
   42.700000000000003       -3.3027669034134637E-006
   42.750000000000000       -3.8566031623727452E-006
   42.800000000000004       -4.3021067373801467E-006
   42.850000000000001       -4.6310711079468743E-006
   42.900000000000006       -4.8383501271051415E-006
   42.950000000000003       -4.9219075926708381E-006
   43.000000000000000       -4.8827893855774435E-006
   43.050000000000004       -4.7250207937152118E-006
   43.100000000000001       -4.4554334072039438E-006
   43.150000000000006       -4.0834275868793223E-006
   43.200000000000003       -3.6206779361845510E-006
   43.250000000000000       -3.0807904173208210E-006
   43.300000000000004       -2.4789207212044439E-006
   43.350000000000001       -1.8313642098215292E-006
   43.400000000000006       -1.1551281880825852E-006
   43.450000000000003       -4.6749742627909773E-007
   43.500000000000000        2.1439625342314015E-007
   43.550000000000004        8.7398988292395524E-007
   43.600000000000001        1.4956809195556158E-006
   43.650000000000006        2.0651854977423858E-006
   43.700000000000003        2.5698554167798342E-006
   43.750000000000000        2.9989471301303095E-006
   43.800000000000004        3.3438373459589407E-006
   43.850000000000001        3.5981812914160144E-006
   43.900000000000006        3.7580111965971593E-006
   43.950000000000003        3.8217740798323616E-006
   44.000000000000000        3.7903094260310192E-006
   44.050000000000004        3.6667688076371727E-006
   44.100000000000001        3.4564808689162630E-006
   44.150000000000006        3.1667663473750962E-006
   44.200000000000003        2.8067089133618984E-006
   44.250000000000000        2.3868885468217542E-006
   44.300000000000004        1.9190849200480360E-006
   44.350000000000001        1.4159588034025128E-006
   44.400000000000006        8.9071984898977780E-007
   44.450000000000003        3.5678923213711444E-007
   44.500000000000000       -1.7253445548159147E-007
   44.550000000000004       -6.8439795675053076E-007
   44.600000000000001       -1.1666971205473598E-006
   44.650000000000006       -1.6083547257958642E-006
   44.700000000000003       -1.9995662001311746E-006
   44.750000000000000       -2.3320080157049210E-006
   44.800000000000004       -2.5990045895046047E-006
   44.850000000000001       -2.7956506365165053E-006
   44.900000000000006       -2.9188870917585434E-006
   44.950000000000003       -2.9675299018715477E-006
   45.000000000000000       -2.9422521591359805E-006
   45.050000000000004       -2.8455211820700751E-006
   45.100000000000001       -2.6814932104701946E-006
   45.150000000000006       -2.4558693545038699E-006
   45.200000000000003       -2.1757172957514190E-006
   45.250000000000000       -1.8492639647219117E-006
   45.300000000000004       -1.4856649998324811E-006
   45.350000000000001       -1.0947572165694040E-006
   45.400000000000006       -6.8680057608195881E-007
   45.450000000000003       -2.7221623749269301E-007
   45.500000000000000        1.3867279045041207E-007
   45.550000000000004        5.3589210932890447E-007
   45.600000000000001        9.1005158855687706E-007
   45.650000000000006        1.2525608168845097E-006
   45.700000000000003        1.5558195744902892E-006
   45.750000000000000        1.8133792835809276E-006
   45.800000000000004        2.0200722074965917E-006
   45.850000000000001        2.1721060392307313E-006
   45.900000000000006        2.2671224272104064E-006
   45.950000000000003        2.3042189060239821E-006
   46.000000000000000        2.2839346096696807E-006
   46.050000000000004        2.2082010227873785E-006
   46.100000000000001        2.0802598505188869E-006
   46.150000000000006        1.9045508412194317E-006
   46.200000000000003        1.6865730615426149E-006
   46.250000000000000        1.4327236863499440E-006
   46.300000000000004        1.1501188152215283E-006
   46.350000000000001        8.4640115489840180E-007
   46.400000000000006        5.2953960778834507E-007
   46.450000000000003        2.0762587896522590E-007
   46.500000000000000       -1.1132684067196326E-007
   46.550000000000004       -4.1957823472175964E-007
   46.600000000000001       -7.0984367716962831E-007
   46.650000000000006       -9.7546131346564575E-007
   46.700000000000003       -1.2105397066743582E-006
   46.750000000000000       -1.4100829172393385E-006
   46.800000000000004       -1.5700905160678417E-006
   46.850000000000001       -1.6876307072819862E-006
   46.900000000000006       -1.7608854413873879E-006
   46.950000000000003       -1.7891671138261860E-006
   47.000000000000000       -1.7729071501652958E-006
   47.050000000000004       -1.7136174604169009E-006
   47.100000000000001       -1.6138263851320224E-006
   47.150000000000006       -1.4769913402935485E-006
   47.200000000000003       -1.3073908837388576E-006
   47.250000000000000       -1.1099993619464410E-006
   47.300000000000004       -8.9034764383115267E-007
   47.350000000000001       -6.5437370139488616E-007
   47.400000000000006       -4.0826695183535278E-007
   47.450000000000003       -1.5831033069484190E-007
   47.500000000000000        8.9275978019179828E-008
   47.550000000000004        3.2848536755388112E-007
   47.600000000000001        5.5366663084514487E-007
   47.650000000000006        7.5965353009842173E-007
   47.700000000000003        9.4187924538295718E-007
   47.750000000000000        1.0964732762735002E-006
   47.800000000000004        1.2203388611230843E-006
   47.850000000000001        1.3112095042539206E-006
   47.900000000000006        1.3676837484522741E-006
   47.950000000000003        1.3892378847085985E-006
   48.000000000000000        1.3762168393831651E-006
   48.050000000000004        1.3298040076259906E-006
   48.100000000000001        1.2519712984759183E-006
   48.150000000000006        1.1454111102419458E-006
   48.200000000000003        1.0134523545129012E-006
   48.250000000000000        8.5996298499152078E-007
   48.300000000000004        6.8924175657588517E-007
   48.350000000000001        5.0590213583453266E-007
   48.400000000000006        3.1475140328376836E-007
   48.450000000000003        1.2066802966632099E-007
   48.500000000000000       -7.1519626337515062E-008
   48.550000000000004       -2.5715036009598607E-007
   48.600000000000001       -4.3184014168814372E-007
   48.650000000000006       -5.9158259526913820E-007
   48.700000000000003       -7.3283771392651482E-007
   48.750000000000000       -8.5260693062625904E-007
   48.800000000000004       -9.4849304710816884E-007
   48.850000000000001       -1.0187439310238843E-006
   48.900000000000006       -1.0622793165316259E-006
   48.950000000000003       -1.0787004741466542E-006
   49.000000000000000       -1.0682829412047188E-006
   49.050000000000004       -1.0319529145268211E-006
   49.100000000000001       -9.7124829210996835E-007
   49.150000000000006       -8.8826570209684628E-007
   49.200000000000003       -7.8559516713268240E-007
   49.250000000000000       -6.6624431394787390E-007
   49.300000000000004       -5.3355424640096391E-007
   49.350000000000001       -3.9110935150590365E-007
   49.400000000000006       -2.4264339987132543E-007
   49.450000000000003       -9.1944333730764291E-008
   49.500000000000000        5.7239891932686537E-008
   49.550000000000004        2.0129213460220028E-007
   49.600000000000001        3.3681141390722226E-007
   49.650000000000006        4.6069083158889196E-007
   49.700000000000003        5.7018633845459247E-007
   49.750000000000000        6.6297489235651365E-007
   49.800000000000004        7.3720084754815347E-007
   49.850000000000001        7.9150973309507416E-007
   49.900000000000006        8.2506890804249450E-007
   49.950000000000003        8.3757491536919052E-007
   50.000000000000000        8.2924768708617641E-007
