   2.9999999999999999E-002   9.9914418833563223E-004   9.9914418833563223E-004
   5.9999999999999998E-002   9.9744605961110677E-004   9.9744606311469308E-004
   8.9999999999999997E-002   9.9491955613806304E-004   9.9491957700154066E-004
  0.12000000000000000        9.9157905402158519E-004   9.9157912643538237E-004
  0.14999999999999999        9.8743934949385714E-004   9.8743954083557739E-004
  0.17999999999999999        9.8251564542839454E-004   9.8251607168775568E-004
  0.20999999999999999        9.7682353796879617E-004   9.7682438141544203E-004
  0.23999999999999999        9.7037900321156334E-004   9.7038053195291907E-004
  0.27000000000000002        9.6319838388403411E-004   9.6320097294738671E-004
  0.29999999999999999        9.5529837596552980E-004   9.5530252953085482E-004
  0.32999999999999996        9.4669601520219748E-004   9.4670238961253039E-004
  0.35999999999999999        9.3740866347269414E-004   9.3741809065522874E-004
  0.39000000000000001        9.2745399496668712E-004   9.2746750590894100E-004
  0.41999999999999998        9.1684998214269786E-004   9.1686883008645914E-004
  0.44999999999999996        9.0561488143908742E-004   9.0564056447423047E-004
  0.47999999999999998        8.9376721871564646E-004   8.9380150148121729E-004
  0.51000000000000001        8.8132577440996895E-004   8.8137070863592015E-004
  0.54000000000000004        8.6830956839745177E-004   8.6836751204932838E-004
  0.56999999999999995        8.5473784454959123E-004   8.5481147936716795E-004
  0.59999999999999998        8.4063005498896670E-004   8.4072240224014605E-004
  0.63000000000000000        8.2600584404596278E-004   8.2612027834416679E-004
  0.65999999999999992        8.1088503192472405E-004   8.1102529298743287E-004
  0.68999999999999995        7.9528759809172067E-004   7.9545780034101510E-004
  0.71999999999999997        7.7923366440252329E-004   7.7943830433307992E-004
  0.75000000000000000        7.6274347798710451E-004   7.6298743924618773E-004
  0.78000000000000003        7.4583739391659298E-004   7.4612595005679738E-004
  0.80999999999999994        7.2853585767673756E-004   7.2887467255550176E-004
  0.83999999999999997        7.1085938747622590E-004   7.1125451328502010E-004
  0.87000000000000000        6.9282855641983332E-004   6.9328642933064177E-004
  0.89999999999999991        6.7446397457721075E-004   6.7499140799492929E-004
  0.92999999999999994        6.5578627098050735E-004   6.5639044638698962E-004
  0.95999999999999996        6.3681607558377373E-004   6.3750453095245962E-004
  0.98999999999999999        6.1757400121797978E-004   6.1835461696763128E-004
   1.0200000000000000        5.9808062557584196E-004   5.9896160801847786E-004
   1.0500000000000000        5.7835647326004436E-004   5.7934633548195613E-004
   1.0800000000000001        5.5842199792813241E-004   5.5952953802385075E-004
   1.1099999999999999        5.3829756456716393E-004   5.3953184112659480E-004
   1.1399999999999999        5.1800343192925924E-004   5.1937373665578157E-004
   1.1699999999999999        4.9755973515941410E-004   4.9907556247463791E-004
   1.2000000000000000        4.7698646864421934E-004   4.7865748211312065E-004
   1.2300000000000000        4.5630346910996433E-004   4.5813946449835274E-004
   1.2600000000000000        4.3553039899646429E-004   4.3754126375200597E-004
   1.2900000000000000        4.1468673013117519E-004   4.1688239906167990E-004
   1.3199999999999998        3.9379172772704973E-004   3.9618213463316065E-004
   1.3499999999999999        3.7286443472556163E-004   3.7545945973294081E-004
   1.3799999999999999        3.5192365650479895E-004   3.5473306883193612E-004
   1.4099999999999999        3.3098794597033465E-004   3.3402134186394372E-004
   1.4399999999999999        3.1007558904608268E-004   3.1334232461560640E-004
   1.4700000000000000        2.8920459057957260E-004   2.9271370926847728E-004
   1.5000000000000000        2.6839266067524292E-004   2.7215281511738798E-004
   1.5300000000000000        2.4765720146802117E-004   2.5167656949337536E-004
   1.5600000000000001        2.2701529434762668E-004   2.3130148892491764E-004
   1.5899999999999999        2.0648368764356051E-004   2.1104366057489443E-004
   1.6199999999999999        1.8607878477905349E-004   1.9091872399595866E-004
   1.6499999999999999        1.6581663290149429E-004   1.7094185325167155E-004
   1.6799999999999999        1.4571291199641512E-004   1.5112773945541447E-004
   1.7100000000000000        1.2578292449055839E-004   1.3149057378342155E-004
   1.7400000000000000        1.0604158534990860E-004   1.1204403102238469E-004
   1.7700000000000000        8.6503412677296776E-005   9.2801253715912857E-005
   1.7999999999999998        6.7182518814407066E-005   7.3774836977125169E-005
   1.8299999999999998        4.8092601952098857E-005   5.4976814037321908E-005
   1.8599999999999999        2.9246938253485455E-005   3.6418642603064377E-005
   1.8899999999999999        1.0658374493238698E-005   1.8111192094161233E-005
   1.9199999999999999       -7.6606787824395894E-006   6.4731836335596427E-008
   1.9500000000000000       -2.5698253572015162E-005  -1.7711079717819267E-005
   1.9800000000000000       -4.3442830206796845E-005  -3.5207204668319392E-005
   2.0099999999999998       -6.0883342607398472E-005  -5.2415234177427550E-005
   2.0400000000000000       -7.8009183004434934E-005  -6.9327395743723486E-005
   2.0699999999999998       -9.4810206120121698E-005  -8.5936559177657301E-005
   2.1000000000000001       -1.1127673280636463E-004  -1.0223624121996622E-004
   2.1299999999999999       -1.2739955313606499E-004  -1.1822060875210649E-004
   2.1600000000000001       -1.4316992894358727E-004  -1.3388448055262625E-004
   2.1899999999999999       -1.5857959581144776E-004  -1.4922332756139856E-004
   2.2199999999999998       -1.7362076449944919E-004  -1.6423327162029544E-004
   2.2500000000000000       -1.8828612181387427E-004  -1.7891108266943068E-004
   2.2799999999999998       -2.0256883091418487E-004  -1.9325417438509351E-004
   2.3100000000000001       -2.1646253105522817E-004  -2.0726059825493248E-004
   2.3399999999999999       -2.2996133676372876E-004  -2.2092903609738368E-004
   2.3700000000000001       -2.4305983644878904E-004  -2.3425879103777802E-004
   2.3999999999999999       -2.5575309044634231E-004  -2.4724977696943817E-004
   2.4299999999999997       -2.6803662849950172E-004  -2.5990250653018521E-004
   2.4600000000000000       -2.7990644667624798E-004  -2.7221807764099548E-004
   2.4899999999999998       -2.9135900372895263E-004  -2.8419815865698972E-004
   2.5200000000000000       -3.0239121689967785E-004  -2.9584497219348194E-004
   2.5499999999999998       -3.1300045717819192E-004  -3.0716127769481183E-004
   2.5800000000000001       -3.2318454401936147E-004  -3.1815035282323212E-004
   2.6099999999999999       -3.3294173952974626E-004  -3.2881597375089555E-004
   2.6399999999999997       -3.4227074213344366E-004  -3.3916239444331531E-004
   2.6699999999999999       -3.5117067972961769E-004  -3.4919432502866776E-004
   2.6999999999999997       -3.5964110235553459E-004  -3.5891690935230258E-004
   2.7300000000000000       -3.6768197437031525E-004  -3.6833570181493691E-004
   2.7599999999999998       -3.7529366617627957E-004  -3.7745664360211428E-004
   2.7900000000000000       -3.8247694549753408E-004  -3.8628603840717979E-004
   2.8199999999999998       -3.8923296823489828E-004  -3.9483052775546312E-004
   2.8500000000000001       -3.9556326891976301E-004  -4.0309706603358642E-004
   2.8799999999999999       -4.0146975078997338E-004  -4.1109289532936799E-004
   2.9099999999999997       -4.0695467551254971E-004  -4.1882552018335240E-004
   2.9399999999999999       -4.1202065257933684E-004  -4.2630268234988833E-004
   2.9699999999999998       -4.1667062840305968E-004  -4.3353233566634231E-004
   3.0000000000000000       -4.2090787514187378E-004  -4.4052262111837770E-004
   3.0299999999999998       -4.2473597928255336E-004  -4.4728184218967293E-004
   3.0600000000000001       -4.2815883001207089E-004  -4.5381844057468257E-004
   3.0899999999999999       -4.3118060740876540E-004  -4.6014097233237905E-004
   3.1200000000000001       -4.3380577048518498E-004  -4.6625808454692219E-004
   3.1499999999999999       -4.3603904511402281E-004  -4.7217849255942745E-004
   3.1799999999999997       -4.3788541187034236E-004  -4.7791095782478976E-004
   3.2100000000000000       -4.3935009382167767E-004  -4.8346426644396701E-004
   3.2399999999999998       -4.4043854429898222E-004  -4.8884720841191331E-004
   3.2700000000000000       -4.4115643468051191E-004  -4.9406855761735535E-004
   3.2999999999999998       -4.4150964222022804E-004  -4.9913705262016883E-004
   3.3300000000000001       -4.4150423795219496E-004  -5.0406137822922581E-004
   3.3599999999999999       -4.4114647470144819E-004  -5.0885014789581184E-004
   3.3899999999999997       -4.4044277523058728E-004  -5.1351188692771998E-004
   3.4199999999999999       -4.3939972055145882E-004  -5.1805501652979480E-004
   3.4499999999999997       -4.3802403842868598E-004  -5.2248783866293280E-004
   3.4800000000000000       -4.3632259210191204E-004  -5.2681852171643229E-004
   3.5099999999999998       -4.3430236925112720E-004  -5.3105508697481874E-004
   3.5400000000000000       -4.3197047122833787E-004  -5.3520539586293658E-004
   3.5699999999999998       -4.2933410257750548E-004  -5.3927713794310606E-004
   3.5999999999999996       -4.2640056086251654E-004  -5.4327781963836586E-004
   3.6299999999999999       -4.2317722682139181E-004  -5.4721475364627459E-004
   3.6599999999999997       -4.1967155486333230E-004  -5.5109504901351691E-004
   3.6899999999999999       -4.1589106392236896E-004  -5.5492560182801576E-004
   3.7199999999999998       -4.1184332868016149E-004  -5.5871308649124707E-004
   3.7500000000000000       -4.0753597116893747E-004  -5.6246394752590412E-004
   3.7799999999999998       -4.0297665276234351E-004  -5.6618439187583469E-004
   3.8100000000000001       -3.9817306656053653E-004  -5.6988038165051158E-004
   3.8399999999999999       -3.9313293017440021E-004  -5.7355762726651882E-004
   3.8699999999999997       -3.8786397891021895E-004  -5.7722158093942433E-004
   3.8999999999999999       -3.8237395935614149E-004  -5.8087743047541274E-004
   3.9299999999999997       -3.7667062336776969E-004  -5.8453009331405070E-004
   3.9600000000000000       -3.7076172244954186E-004  -5.8818421077289074E-004
   3.9899999999999998       -3.6465500252669258E-004  -5.9184414244572991E-004
   4.0199999999999996       -3.5835819909968425E-004  -5.9551396070545159E-004
   4.0499999999999998       -3.5187903277245081E-004  -5.9919744526437668E-004
   4.0800000000000001       -3.4522520514346233E-004  -6.0289807774593918E-004
   4.1099999999999994       -3.3840439504662090E-004  -6.0661903622238889E-004
   4.1399999999999997       -3.3142425512844298E-004  -6.1036318967566672E-004
   4.1699999999999999       -3.2429240874587428E-004  -6.1413309233948610E-004
   4.2000000000000002       -3.1701644716730648E-004  -6.1793097788442886E-004
   4.2299999999999995       -3.0960392705925432E-004  -6.2175875340741982E-004
   4.2599999999999998       -3.0206236823926425E-004  -6.2561799319515998E-004
   4.2900000000000000       -2.9439925167373815E-004  -6.2950993222643525E-004
   4.3200000000000003       -2.8662201770079943E-004  -6.3343545939087420E-004
   4.3499999999999996       -2.7873806445477545E-004  -6.3739511039750951E-004
   4.3799999999999999       -2.7075474646975906E-004  -6.4138906035582366E-004
   4.4100000000000001       -2.6267937343948944E-004  -6.4541711601595608E-004
   4.4399999999999995       -2.5451920910857240E-004  -6.4947870765874605E-004
   4.4699999999999998       -2.4628147027094816E-004  -6.5357288063405683E-004
   4.5000000000000000       -2.3797332585251407E-004  -6.5769828655026785E-004
   4.5300000000000002       -2.2960189605109038E-004  -6.6185317412825739E-004
   4.5599999999999996       -2.2117425151152448E-004  -6.6603537973786153E-004
   4.5899999999999999       -2.1269741251023211E-004  -6.7024231764456488E-004
   4.6200000000000001       -2.0417834812624935E-004  -6.7447097000661316E-004
   4.6499999999999995       -1.9562397537453702E-004  -6.7871787666740069E-004
   4.6799999999999997       -1.8704115827983259E-004  -6.8297912480486112E-004
   4.7100000000000000       -1.7843670686823465E-004  -6.8725033850891570E-004
   4.7400000000000002       -1.6981737605586966E-004  -6.9152666837068999E-004
   4.7699999999999996       -1.6118986441465699E-004  -6.9580278118408501E-004
   4.7999999999999998       -1.5256081279640954E-004  -7.0007284987250173E-004
   4.8300000000000001       -1.4393680279761734E-004  -7.0433054377172510E-004
   4.8599999999999994       -1.3532435504909346E-004  -7.0856901941418471E-004
   4.8899999999999997       -1.2672992731604937E-004  -7.1278091198112570E-004
   4.9199999999999999       -1.1815991239583212E-004  -7.1695832760321210E-004
   4.9500000000000002       -1.0962063580260972E-004  -7.2109283671295543E-004
   4.9799999999999995       -1.0111835322995644E-004  -7.2517546866923688E-004
   5.0099999999999998       -9.2659247784288024E-005  -7.2919670789306501E-004
   5.0400000000000000       -8.4249426984872589E-005  -7.3314649177347313E-004
   5.0699999999999994       -7.5894919527252913E-005  -7.3701421062222217E-004
   5.0999999999999996       -6.7601671810302300E-005  -7.4078870997018598E-004
   5.1299999999999999       -5.9375544228690291E-005  -7.4445829551672560E-004
   5.1600000000000001       -5.1222307235199160E-005  -7.4801074105601550E-004
   5.1899999999999995       -4.3147637179608012E-005  -7.5143329971738559E-004
   5.2199999999999998       -3.5157111933969976E-005  -7.5471271886007329E-004
   5.2500000000000000       -2.7256206314718590E-005  -7.5783525897299420E-004
   5.2799999999999994       -1.9450287316757908E-005  -7.6078671692458855E-004
   5.3099999999999996       -1.1744609174968446E-005  -7.6355245390158366E-004
   5.3399999999999999       -4.1443082719749835E-006  -7.6611742836552033E-004
   5.3700000000000001        3.3456020870903380E-006  -7.6846623433191041E-004
   5.3999999999999995        1.0720237010430900E-005  -7.7058314525002558E-004
   5.4299999999999997        1.7974845441054432E-005  -7.7245216372556769E-004
   5.4600000000000000        2.5104815637999600E-005  -7.7405707727717932E-004
   5.4900000000000002        3.2105680688648830E-005  -7.7538152026690454E-004
   5.5199999999999996        3.8973124023539141E-005  -7.7640904206988104E-004
   5.5499999999999998        4.5702984902390442E-005  -7.7712318147993287E-004
   5.5800000000000001        5.2291263840320568E-005  -7.7750754724958959E-004
   5.6099999999999994        5.8734127941523218E-005  -7.7754590457090877E-004
   5.6399999999999997        6.5027916107990302E-005  -7.7722226719367793E-004
   5.6699999999999999        7.1169144089916481E-005  -7.7652099476210878E-004
   5.7000000000000002        7.7154509344881661E-005  -7.7542689482634763E-004
   5.7299999999999995        8.2980895673170907E-005  -7.7392532886200183E-004
   5.7599999999999998        8.8645377596792418E-005  -7.7200232149621240E-004
   5.7900000000000000        9.4145224451246123E-005  -7.6964467201445785E-004
   5.8199999999999994        9.9477904159431946E-005  -7.6684006709459851E-004
   5.8499999999999996        1.0464108665917023E-004  -7.6357719359598786E-004
   5.8799999999999999        1.0963264695692219E-004  -7.5984585012744965E-004
   5.9100000000000001        1.1445066778243904E-004  -7.5563705602255116E-004
   5.9399999999999995        1.1909344182108733E-004  -7.5094315628032593E-004
   5.9699999999999998        1.2355947350288499E-004  -7.4575792097641980E-004
   6.0000000000000000        1.2784748032981796E-004  -7.4007663762587494E-004
   6.0299999999999994        1.3195639372573509E-004  -7.3389619498481773E-004
   6.0599999999999996        1.3588535939564050E-004  -7.2721515681029025E-004
   6.0899999999999999        1.3963373718461902E-004  -7.2003382417057393E-004
   6.1200000000000001        1.4320110042925771E-004  -7.1235428499888398E-004
   6.1499999999999995        1.4658723479749058E-004  -7.0418044971970462E-004
   6.1799999999999997        1.4979213661631130E-004  -6.9551807194712101E-004
   6.2100000000000000        1.5281601068950490E-004  -6.8637475345129095E-004
   6.2400000000000002        1.5565926761071380E-004  -6.7675993281465785E-004
   6.2699999999999996        1.5832252058053942E-004  -6.6668485744537931E-004
   6.2999999999999998        1.6080658173869833E-004  -6.5616253887705589E-004
   6.3300000000000001        1.6311245802586027E-004  -6.4520769155572422E-004
   6.3599999999999994        1.6524134659184897E-004  -6.3383665558908175E-004
   6.3899999999999997        1.6719462977010657E-004  -6.2206730420305556E-004
   6.4199999999999999        1.6897386963971028E-004  -6.0991893690906518E-004
   6.4500000000000002        1.7058080219978233E-004  -5.9741215962508254E-004
   6.4799999999999995        1.7201733118177298E-004  -5.8456875320839208E-004
   6.5099999999999998        1.7328552152823251E-004  -5.7141153204259831E-004
   6.5400000000000000        1.7438759256621639E-004  -5.5796419447012857E-004
   6.5699999999999994        1.7532591090746452E-004  -5.4425116697159881E-004
   6.5999999999999996        1.7610298310588579E-004  -5.3029744406379864E-004
   6.6299999999999999        1.7672144810526591E-004  -5.1612842591353125E-004
   6.6600000000000001        1.7718406951039434E-004  -5.0176975565241477E-004
   6.6899999999999995        1.7749372771413974E-004  -4.8724715832260124E-004
   6.7199999999999998        1.7765341191489092E-004  -4.7258628329283070E-004
   6.7500000000000000        1.7766621205639321E-004  -4.5781255186116976E-004
   6.7799999999999994        1.7753531072339790E-004  -4.4295101160696237E-004
   6.8099999999999996        1.7726397502509927E-004  -4.2802619887993831E-004
   6.8399999999999999        1.7685554849716789E-004  -4.1306201062263348E-004
   6.8700000000000001        1.7631344305335528E-004  -3.9808158651555292E-004
   6.8999999999999995        1.7564113101520284E-004  -3.8310720222423100E-004
   6.9299999999999997        1.7484213724761055E-004  -3.6816017431773318E-004
   6.9600000000000000        1.7392003142746582E-004  -3.5326077721942184E-004
   6.9899999999999993        1.7287842046853630E-004  -3.3842817235196776E-004
   7.0199999999999996        1.7172094112738456E-004  -3.2368034945617907E-004
   7.0499999999999998        1.7045125281034412E-004  -3.0903407988969178E-004
   7.0800000000000001        1.6907303060165191E-004  -2.9450488156346211E-004
   7.1099999999999994        1.6758995853094483E-004  -2.8010699503733250E-004
   7.1399999999999997        1.6600572309521944E-004  -2.6585337018913968E-004
   7.1699999999999999        1.6432400704924355E-004  -2.5175566277813033E-004
   7.1999999999999993        1.6254848347763140E-004  -2.3782424015283965E-004
   7.2299999999999995        1.6068281015724217E-004  -2.2406819530540467E-004
   7.2599999999999998        1.5873062421978279E-004  -2.1049536844008898E-004
   7.2900000000000000        1.5669553712049922E-004  -1.9711237521002900E-004
   7.3199999999999994        1.5458112991839634E-004  -1.8392464077399140E-004
   7.3499999999999996        1.5239094887076199E-004  -1.7093643884469323E-004
   7.3799999999999999        1.5012850134443756E-004  -1.5815093491533538E-004
   7.4100000000000001        1.4779725204350225E-004  -1.4557023289762938E-004
   7.4399999999999995        1.4540061955237160E-004  -1.3319542443723797E-004
   7.4699999999999998        1.4294197319197899E-004  -1.2102664022584086E-004
   7.5000000000000000        1.4042463018482110E-004  -1.0906310268077313E-004
   7.5299999999999994        1.3785185312487069E-004  -9.7303179416918795E-005
   7.5599999999999996        1.3522684774491811E-004  -8.5744436996160189E-005
   7.5899999999999999        1.3255276097534630E-004  -7.4383694490087748E-005
   7.6200000000000001        1.2983267928701192E-004  -6.3217076454735732E-005
   7.6499999999999995        1.2706962730790750E-004  -5.2240064965847210E-005
   7.6799999999999997        1.2426656670649905E-004  -4.1447550419349000E-005
   7.7100000000000000        1.2142639532952693E-004  -3.0833880845015926E-005
   7.7399999999999993        1.1855194658594304E-004  -2.0392909535260628E-005
   7.7699999999999996        1.1564598906399493E-004  -1.0118040832729491E-005
   7.7999999999999998        1.1271122637246389E-004  -2.2739503613422585E-009
   7.8300000000000001        1.0975029719229035E-004   9.9617552504760454E-006
   7.8599999999999994        1.0676577552815036E-004   1.9781734581503230E-005
   7.8899999999999997        1.0376017114754887E-004   2.9465637963799196E-005
   7.9199999999999999        1.0073593019532812E-004   3.9021689981488805E-005
   7.9499999999999993        9.7695435971822953E-005   4.8458332519540903E-005
   7.9799999999999995        9.4641009861007319E-005   5.7784193447485421E-005
   8.0099999999999998        9.1574912398750818E-005   6.7008057282436084E-005
   8.0399999999999991        8.8499344467085628E-005   7.6138837754591293E-005
   8.0700000000000003        8.5416448604047623E-005   8.5185552192612590E-005
   8.0999999999999996        8.2328310414880868E-005   9.4157297625407921E-005
   8.1299999999999990        7.9236960076500829E-005   1.0306322850217597E-004
   8.1600000000000001        7.6144373919673214E-005   1.1191253591391614E-004
   8.1899999999999995        7.3052476080692763E-005   1.2071442820760225E-004
   8.2199999999999989        6.9963140209905461E-005   1.2947811287000732E-004
   8.2500000000000000        6.6878191226082961E-005   1.3821277956571620E-004
   8.2799999999999994        6.3799407107101302E-005   1.4692758420453700E-004
   8.3100000000000005        6.0728520705377598E-005   1.5563163392373625E-004
   8.3399999999999999        5.7667221578294736E-005   1.6433397285675611E-004
   8.3699999999999992        5.4617157824399243E-005   1.7304356857916758E-004
   8.4000000000000004        5.1579937914381091E-005   1.8176929911106754E-004
   8.4299999999999997        4.8557132509174927E-005   1.9051994035779174E-004
   8.4599999999999991        4.5550276254635591E-005   1.9930415388724754E-004
   8.4900000000000002        4.2560869545127389E-005   2.0813047492707071E-004
   8.5199999999999996        3.9590380246923296E-005   2.1700730048213046E-004
   8.5499999999999989        3.6640245373753544E-005   2.2594287746935393E-004
   8.5800000000000001        3.3711872705843859E-005   2.3494529077394688E-004
   8.6099999999999994        3.0806642346559165E-005   2.4402245113419596E-004
   8.6400000000000006        2.7925908206660743E-005   2.5318208276736698E-004
   8.6699999999999999        2.5070999412291073E-005   2.6243171065232218E-004
   8.6999999999999993        2.2243221627693543E-005   2.7177864739380553E-004
   8.7300000000000004        1.9443858288226146E-005   2.8122997959512119E-004
   8.7599999999999998        1.6674171736452692E-005   2.9079255366815104E-004
   8.7899999999999991        1.3935404256537609E-005   3.0047296102742038E-004
   8.8200000000000003        1.1228779001504208E-005   3.1027752261048036E-004
   8.8499999999999996        8.5555008088045170E-006   3.2021227267620134E-004
   8.8799999999999990        5.9167568997597897E-006   3.3028294184678231E-004
   8.9100000000000001        3.3137174589858986E-006   3.4049493935706110E-004
   8.9399999999999995        7.4753609069500015E-007   3.5085333449158540E-004
   8.9699999999999989       -1.7806498510131163E-006   3.6136283719523377E-004
   9.0000000000000000       -4.2697190616447500E-006   3.7202777785250163E-004
   9.0299999999999994       -6.7185662145918812E-006   3.8285208624566636E-004
   9.0600000000000005       -9.1261020225275047E-006   3.9383926970470995E-004
   9.0899999999999999       -1.1491253430806481E-005   4.0499239048408242E-004
   9.1199999999999992       -1.3812963943093948E-005   4.1631404240449754E-004
   9.1500000000000004       -1.6090194079554365E-005   4.2780632681793662E-004
   9.1799999999999997       -1.8321921965380739E-005   4.3947082796602643E-004
   9.2099999999999991       -2.0507144048553805E-005   4.5130858781039507E-004
   9.2400000000000002       -2.2644875943611531E-005   4.6332008044069894E-004
   9.2699999999999996       -2.4734153398098258E-005   4.7550518617134330E-004
   9.2999999999999989       -2.6774033378584861E-005   4.8786316545657016E-004
   9.3300000000000001       -2.8763595269598596E-005   5.0039263277268375E-004
   9.3599999999999994       -3.0701942181687869E-005   5.1309153063039403E-004
   9.3899999999999988       -3.2588202361405472E-005   5.2595710389313766E-004
   9.4199999999999999       -3.4421530695993852E-005   5.3898587460254888E-004
   9.4499999999999993       -3.6201110305111861E-005   5.5217361751713767E-004
   9.4800000000000004       -3.7926154211498364E-005   5.6551533659510156E-004
   9.5099999999999998       -3.9595907079914561E-005   5.7900524265663833E-004
   9.5399999999999991       -4.1209647016038353E-005   5.9263673248377557E-004
   9.5700000000000003       -4.2766687413764437E-005   6.0640236962239413E-004
   9.5999999999999996       -4.4266378839474818E-005   6.2029386715600765E-004
   9.6299999999999990       -4.5708110942177527E-005   6.3430207274173256E-004
   9.6600000000000001       -4.7091314377023519E-005   6.4841695619399786E-004
   9.6899999999999995       -4.8415462729267666E-005   6.6262759989577091E-004
   9.7199999999999989       -4.9680074426017296E-005   6.7692219234594120E-004
   9.7500000000000000       -5.0884714621945992E-005   6.9128802510931564E-004
   9.7799999999999994       -5.2028997046482672E-005   7.0571149346143613E-004
   9.8100000000000005       -5.3112585797598921E-005   7.2017810098223833E-004
   9.8399999999999999       -5.4135197069760110E-005   7.3467246836145250E-004
   9.8699999999999992       -5.5096600801995965E-005   7.4917834663690286E-004
   9.9000000000000004       -5.5996622233267512E-005   7.6367863507176281E-004
   9.9299999999999997       -5.6835143351585682E-005   7.7815540385284265E-004
   9.9599999999999991       -5.7612104225168714E-005   7.9258992175557097E-004
   9.9900000000000002       -5.8327504203259384E-005   8.0696268887248124E-004
   10.020000000000000       -5.8981402975361030E-005   8.2125347447892239E-004
   10.049999999999999       -5.9573921478373038E-005   8.3544136005730962E-004
   10.080000000000000       -6.0105242641966816E-005   8.4950478744882929E-004
   10.109999999999999       -6.0575611963403775E-005   8.6342161205354984E-004
   10.139999999999999       -6.0985337903912695E-005   8.7716916095104125E-004
   10.170000000000000       -6.1334792100270485E-005   8.9072429575676182E-004
   10.199999999999999       -6.1624409385757639E-005   9.0406347996552228E-004
   10.230000000000000       -6.1854687616602622E-005   9.1716285050136293E-004
   10.260000000000000       -6.2026187300515123E-005   9.2999829311057880E-004
   10.289999999999999       -6.2139531026031425E-005   9.4254552120975887E-004
   10.320000000000000       -6.2195402692130641E-005   9.5478015773409197E-004
   10.350000000000000       -6.2194546539197371E-005   9.6667781948944764E-004
   10.379999999999999       -6.2137765983648341E-005   9.7821420348864763E-004
   10.410000000000000       -6.2025922259938832E-005   9.8936517468750651E-004
   10.440000000000000       -6.1859932874948342E-005   1.0001068545424374E-003
   10.469999999999999       -6.1640769880924595E-005   1.0104157097581279E-003
   10.500000000000000       -6.1369457974441710E-005   1.0202686406080019E-003
   10.529999999999999       -6.1047072429987193E-005   1.0296430681915325E-003
   10.559999999999999       -6.0674736877708302E-005   1.0385170199924687E-003
   10.590000000000000       -6.0253620936062680E-005   1.0468692131180291E-003
   10.619999999999999       -5.9784937710666286E-005   1.0546791346293105E-003
   10.650000000000000       -5.9269941171752327E-005   1.0619271183731627E-003
   10.680000000000000       -5.8709923423050370E-005   1.0685944177950546E-003
   10.709999999999999       -5.8106211875713631E-005   1.0746632742231199E-003
   10.740000000000000       -5.7460166340866925E-005   1.0801169801881727E-003
   10.770000000000000       -5.6773176055319174E-005   1.0849399373782376E-003
   10.799999999999999       -5.6046656654817895E-005   1.0891177088936388E-003
   10.830000000000000       -5.5282047109028731E-005   1.0926370655326423E-003
   10.859999999999999       -5.4480806633117052E-005   1.0954860259024812E-003
   10.889999999999999       -5.3644411590003660E-005   1.0976538902003341E-003
   10.920000000000000       -5.2774352397200186E-005   1.0991312675985299E-003
   10.949999999999999       -5.1872130452323972E-005   1.0999100972171050E-003
   10.980000000000000       -5.0939255090198809E-005   1.0999836627325621E-003
   11.010000000000000       -4.9977240584198057E-005   1.0993466007347408E-003
   11.039999999999999       -4.8987603204375674E-005   1.0979949029996661E-003
   11.070000000000000       -4.7971858343098805E-005   1.0959259128888732E-003
   11.100000000000000       -4.6931517719228655E-005   1.0931383161487673E-003
   11.129999999999999       -4.5868086670841635E-005   1.0896321264031172E-003
   11.160000000000000       -4.4783061545095038E-005   1.0854086656904016E-003
   11.190000000000000       -4.3677927193563892E-005   1.0804705403959503E-003
   11.219999999999999       -4.2554154580209946E-005   1.0748216129830013E-003
   11.250000000000000       -4.1413198508588600E-005   1.0684669699099203E-003
   11.279999999999999       -4.0256495473123266E-005   1.0614128861563543E-003
   11.309999999999999       -3.9085461639776220E-005   1.0536667867651062E-003
   11.340000000000000       -3.7901490958613948E-005   1.0452372058109560E-003
   11.369999999999999       -3.6705953412097259E-005   1.0361337431934459E-003
   11.400000000000000       -3.5500193400483937E-005   1.0263670196568597E-003
   11.430000000000000       -3.4285528265232124E-005   1.0159486303829013E-003
   11.459999999999999       -3.3063246950737479E-005   1.0048910975299918E-003
   11.490000000000000       -3.1834608804182096E-005   9.9320782202916291E-004
   11.520000000000000       -3.0600842512162885E-005   9.8091303493408333E-004
   11.549999999999999       -2.9363145172323080E-005   9.6802174860766144E-004
   11.580000000000000       -2.8122681497322333E-005   9.5454970796993166E-004
   11.609999999999999       -2.6880583148258808E-005   9.4051334203282266E-004
   11.639999999999999       -2.5637948194101590E-005   9.2592971588612016E-004
   11.670000000000000       -2.4395840693469673E-005   9.1081648330337828E-004
   11.699999999999999       -2.3155290393761518E-005   8.9519184007258445E-004
   11.730000000000000       -2.1917292543416345E-005   8.7907447816792939E-004
   11.760000000000000       -2.0682807812200110E-005   8.6248354080709078E-004
   11.789999999999999       -1.9452762314520200E-005   8.4543857846774983E-004
   11.820000000000000       -1.8228047729662578E-005   8.2795950586600497E-004
   11.850000000000000       -1.7009521514288473E-005   8.1006655992688081E-004
   11.879999999999999       -1.5798007200418240E-005   7.9178025871584623E-004
   11.910000000000000       -1.4594294774461503E-005   7.7312136133134146E-004
   11.940000000000000       -1.3399141130299164E-005   7.5411082871035262E-004
   11.969999999999999       -1.2213270590977210E-005   7.3476978531772374E-004
   12.000000000000000       -1.1037375493350154E-005   7.1511948167302108E-004
   12.029999999999999       -9.8721168304560791E-006   6.9518125766077077E-004
   12.059999999999999       -8.7181249445178466E-006   6.7497650659031905E-004
   12.090000000000000       -7.5760002664626569E-006   6.5452663995202442E-004
   12.119999999999999       -6.4463140959647447E-006   6.3385305282892546E-004
   12.150000000000000       -5.3296094167931685E-006   6.1297708993279798E-004
   12.180000000000000       -4.2264017424686884E-006   5.9192001223973278E-004
   12.209999999999999       -3.1371799867896399E-006   5.7070296419947653E-004
   12.240000000000000       -2.0624073552300004E-006   5.4934694151853591E-004
   12.270000000000000       -1.0025222523246669E-006   5.2787275951526880E-004
   12.299999999999999        4.2060800065080173E-008   5.0630102206739025E-004
   12.330000000000000        1.0709502359373957E-006   4.8465209115899910E-004
   12.359999999999999        2.0837765164483102E-006   4.6294605709107373E-004
   12.389999999999999        3.0801912002109688E-006   4.4120270937675343E-004
   12.420000000000000        4.0598660182578072E-006   4.1944150839423600E-004
   12.449999999999999        5.0224919566632664E-006   3.9768155786124026E-004
   12.480000000000000        5.9677783489364700E-006   3.7594157820208807E-004
   12.510000000000000        6.8954519826247562E-006   3.5423988089533509E-004
   12.539999999999999        7.8052562215713550E-006   3.3259434388632769E-004
   12.570000000000000        8.6969501479350342E-006   3.1102238816327343E-004
   12.600000000000000        9.5703077253039837E-006   2.8954095558830772E-004
   12.629999999999999        1.0425116984791316E-005   2.6816648808392074E-004
   12.660000000000000        1.1261179238220009E-005   2.4691490826533879E-004
   12.690000000000000        1.2078308317842179E-005   2.2580160162188889E-004
   12.719999999999999        1.2876329846034373E-005   2.0484140033616427E-004
   12.750000000000000        1.3655080536190134E-005   1.8404856881826248E-004
   12.779999999999999        1.4414407526031070E-005   1.6343679104924291E-004
   12.809999999999999        1.5154167745001779E-005   1.4301915978620627E-004
   12.840000000000000        1.5874227316636791E-005   1.2280816771248482E-004
   12.869999999999999        1.6574460997675899E-005   1.0281570055692413E-004
   12.900000000000000        1.7254751653816847E-005   8.3053032248869840E-005
   12.930000000000000        1.7914989774103773E-005   6.3530822111523833E-005
   12.959999999999999        1.8555073023285296E-005   4.4259114131861566E-005
   12.990000000000000        1.9174905834917766E-005   2.5247338284017928E-005
   13.020000000000000        1.9774399042882251E-005   6.5043139212406231E-006
   13.049999999999999        2.0353469554534875E-005  -1.1961744814215081E-005
   13.080000000000000        2.0912040063159054E-005  -3.0143221581901969E-005
   13.109999999999999        2.1450038802495186E-005  -4.8033088496879373E-005
   13.139999999999999        2.1967399341016325E-005  -6.5624894896032515E-005
   13.170000000000000        2.2464060417504150E-005  -8.2912754307606917E-005
   13.199999999999999        2.2939965816815011E-005  -9.9891329691459418E-005
   13.229999999999999        2.3395064286613199E-005  -1.1655581705660722E-004
   13.260000000000000        2.3829309493406114E-005  -1.3290192754578101E-004
   13.289999999999999        2.4242660018547468E-005  -1.4892586811399156E-004
   13.320000000000000        2.4635079392432147E-005  -1.6462432090058599E-004
   13.350000000000000        2.5006536167326843E-005  -1.7999442143423749E-004
   13.379999999999999        2.5357004026949070E-005  -1.9503373577478555E-004
   13.410000000000000        2.5686461932794558E-005  -2.0974023675091047E-004
   13.440000000000000        2.5994894304881555E-005  -2.2411227939933553E-004
   13.469999999999999        2.6282291236912059E-005  -2.3814857575477077E-004
   13.500000000000000        2.6548648743407455E-005  -2.5184816912027230E-004
   13.529999999999999        2.6793969037486320E-005  -2.6521040794857953E-004
   13.559999999999999        2.7018260838618247E-005  -2.7823491947120971E-004
   13.590000000000000        2.7221539707134035E-005  -2.9092158319787842E-004
   13.619999999999999        2.7403828403826935E-005  -3.0327050442213732E-004
   13.650000000000000        2.7565157273423679E-005  -3.1528198784780415E-004
   13.680000000000000        2.7705564648483616E-005  -3.2695651146408267E-004
   13.709999999999999        2.7825097272282662E-005  -3.3829470078394763E-004
   13.740000000000000        2.7923810737018329E-005  -3.4929730355059974E-004
   13.770000000000000        2.8001769936003562E-005  -3.5996516503100651E-004
   13.799999999999999        2.8059049525408497E-005  -3.7029920399156424E-004
   13.830000000000000        2.8095734394550931E-005  -3.8030038945535694E-004
   13.859999999999999        2.8111920139739510E-005  -3.8996971834226457E-004
   13.889999999999999        2.8107713539338164E-005  -3.9930819407452134E-004
   13.920000000000000        2.8083233027165200E-005  -4.0831680623831801E-004
   13.949999999999999        2.8038609160230266E-005  -4.1699651137783178E-004
   13.979999999999999        2.7973985077145436E-005  -4.2534821501583053E-004
   14.010000000000000        2.7889516944545889E-005  -4.3337275495414218E-004
   14.039999999999999        2.7785374387301331E-005  -4.4107088594635968E-004
   14.070000000000000        2.7661740899187492E-005  -4.4844326580140148E-004
   14.100000000000000        2.7518814230242938E-005  -4.5549044298542896E-004
   14.129999999999999        2.7356806748035645E-005  -4.6221284579139876E-004
   14.160000000000000        2.7175945767954346E-005  -4.6861077313220534E-004
   14.190000000000000        2.6976473850193194E-005  -4.7468438701780968E-004
   14.219999999999999        2.6758649060154571E-005  -4.8043370677941510E-004
   14.250000000000000        2.6522745188162222E-005  -4.8585860508154610E-004
   14.279999999999999        2.6269051926208764E-005  -4.9095880578509110E-004
   14.309999999999999        2.5997874998850978E-005  -4.9573388370394156E-004
   14.340000000000000        2.5709536244755693E-005  -5.0018326629786003E-004
   14.369999999999999        2.5404373647508471E-005  -5.0430623734243341E-004
   14.399999999999999        2.5082741312854040E-005  -5.0810194261341479E-004
   14.430000000000000        2.4745009390592099E-005  -5.1156939760854669E-004
   14.459999999999999        2.4391563939518690E-005  -5.1470749733173449E-004
   14.490000000000000        2.4022806733803304E-005  -5.1751502815289285E-004
   14.520000000000000        2.3639155010801716E-005  -5.1999068174968244E-004
   14.549999999999999        2.3241041158417186E-005  -5.2213307111870222E-004
   14.580000000000000        2.2828912342565122E-005  -5.2394074864814399E-004
   14.609999999999999        2.2403230075018765E-005  -5.2541222621282913E-004
   14.639999999999999        2.1964469721552637E-005  -5.2654599724455409E-004
   14.670000000000000        2.1513119951688253E-005  -5.2734056072800684E-004
   14.699999999999999        2.1049682131457637E-005  -5.2779444702455436E-004
   14.729999999999999        2.0574669660766709E-005  -5.2790624543685993E-004
   14.760000000000000        2.0088607257412461E-005  -5.2767463338643239E-004
   14.789999999999999        1.9592030190307419E-005  -5.2709840707443334E-004
   14.820000000000000        1.9085483464797992E-005  -5.2617651344100125E-004
   14.850000000000000        1.8569520963240826E-005  -5.2490808325433846E-004
   14.879999999999999        1.8044704544181722E-005  -5.2329246510574023E-004
   14.910000000000000        1.7511603104231055E-005  -5.2132926007519842E-004
   14.940000000000000        1.6970791606479851E-005  -5.1901835681356090E-004
   14.969999999999999        1.6422850079869655E-005  -5.1635996675081230E-004
   15.000000000000000        1.5868362593960544E-005  -5.1335465912671907E-004
   15.029999999999999        1.5307916213905953E-005  -5.1000339552320639E-004
   15.059999999999999        1.4742099940356218E-005  -5.0630756355385387E-004
   15.090000000000000        1.4171503639234806E-005  -5.0226900934990937E-004
   15.119999999999999        1.3596716966386702E-005  -4.9789006848044437E-004
   15.149999999999999        1.3018328292077608E-005  -4.9317359493006308E-004
   15.180000000000000        1.2436923630287922E-005  -4.8812298775580132E-004
   15.209999999999999        1.1853085577800959E-005  -4.8274221505106851E-004
   15.240000000000000        1.1267392267810816E-005  -4.7703583484892675E-004
   15.270000000000000        1.0680416342723209E-005  -4.7100901262098205E-004
   15.299999999999999        1.0092723950860805E-005  -4.6466753502638625E-004
   15.330000000000000        9.5048737710490272E-006  -4.5801781962140353E-004
   15.359999999999999        8.9174160693983318E-006  -4.5106692025598250E-004
   15.389999999999999        8.3308917922519932E-006  -4.4382252790953203E-004
   15.420000000000000        7.7458316983525233E-006  -4.3629296679981167E-004
   15.449999999999999        7.1627555339737192E-006  -4.2848718560861698E-004
   15.479999999999999        6.5821712538216559E-006  -4.2041474374610033E-004
   15.510000000000000        6.0045742899528243E-006  -4.1208579262264067E-004
   15.539999999999999        5.4304468714017062E-006  -4.0351105195934878E-004
   15.570000000000000        4.8602573962663875E-006  -3.9470178123668376E-004
   15.600000000000000        4.2944598577232540E-006  -3.8566974642773033E-004
   15.629999999999999        3.7334933253307945E-006  -3.7642718223818150E-004
   15.660000000000000        3.1777814819000660E-006  -3.6698675013191462E-004
   15.690000000000000        2.6277322175416451E-006  -3.5736149246812232E-004
   15.719999999999999        2.0837372799453746E-006  -3.4756478314346140E-004
   15.750000000000000        1.5461719810039298E-006  -3.3761027516732156E-004
   15.779999999999999        1.0153949600022472E-006  -3.2751184564006053E-004
   15.809999999999999        4.9174800154094811E-007  -3.1728353865290160E-004
   15.840000000000000       -2.4444091972775084E-008  -3.0693950662463720E-004
   15.869999999999999       -5.3287357526521362E-007  -2.9649395063824358E-004
   15.899999999999999       -1.0332497834553145E-006  -2.8596106032807711E-004
   15.930000000000000       -1.5252991060199506E-006  -2.7535495387631670E-004
   15.959999999999999       -2.0087649129640894E-006  -2.6468961867109897E-004
   15.990000000000000       -2.4834074352497737E-006  -2.5397885315125990E-004
   16.020000000000000       -2.9490036025370259E-006  -2.4323621035460263E-004
   16.050000000000001       -3.4053468394024122E-006  -2.3247494363420884E-004
   16.079999999999998       -3.8522468237545127E-006  -2.2170795498510643E-004
   16.109999999999999       -4.2895292089450976E-006  -2.1094774637475666E-004
   16.140000000000001       -4.7170353133507703E-006  -2.0020637442197398E-004
   16.169999999999998       -5.1346217787573423E-006  -1.8949540871293635E-004
   16.199999999999999       -5.5421602017657889E-006  -1.7882589400297633E-004
   16.230000000000000       -5.9395367393300091E-006  -1.6820831648267642E-004
   16.259999999999998       -6.3266516927562577E-006  -1.5765257424593671E-004
   16.289999999999999       -6.7034190710524300E-006  -1.4716795202840416E-004
   16.320000000000000       -7.0697661381791121E-006  -1.3676310024646199E-004
   16.349999999999998       -7.4256329449795544E-006  -1.2644601831723890E-004
   16.379999999999999       -7.7709718494523017E-006  -1.1622404218325499E-004
   16.410000000000000       -8.1057470273648846E-006  -1.0610383592979389E-004
   16.439999999999998       -8.4299339754290159E-006  -9.6091387348451462E-005
   16.469999999999999       -8.7435190093687609E-006  -8.6192007263008463E-005
   16.500000000000000       -9.0464987595462176E-006  -7.6410332407128578E-005
   16.530000000000001       -9.3388796649218619E-006  -6.6750331622067449E-005
   16.559999999999999       -9.6206774686802277E-006  -5.7215315112379983E-005
   16.590000000000000       -9.8919167159650101E-006  -4.7807946509159649E-005
   16.620000000000001       -1.0152630257276307E-005  -3.8530257451263594E-005
   16.649999999999999       -1.0402858756530797E-005  -2.9383664410076449E-005
   16.680000000000000       -1.0642650207670634E-005  -2.0368987485142043E-005
   16.710000000000001       -1.0872059459932082E-005  -1.1486470873123267E-005
   16.739999999999998       -1.1091147752995134E-005  -2.7358047622882964E-006
   16.770000000000000       -1.1299982263679453E-005   5.8838516308057365E-006
   16.800000000000001       -1.1498635664630719E-005   1.4373846123127976E-005
   16.829999999999998       -1.1687185696662716E-005   2.2736008968848864E-005
   16.859999999999999       -1.1865714754533130E-005   3.0972627825143206E-005
   16.890000000000001       -1.2034309487929384E-005   3.9086422497724982E-005
   16.919999999999998       -1.2193060417442503E-005   4.7080519649078667E-005
   16.949999999999999       -1.2342061566750218E-005   5.4958427645246388E-005
   16.980000000000000       -1.2481410110676272E-005   6.2724011707260274E-005
   17.009999999999998       -1.2611206040458178E-005   7.0381469496894056E-005
   17.039999999999999       -1.2731551845557298E-005   7.7935307272625209E-005
   17.070000000000000       -1.2842552213121472E-005   8.5390316707290026E-005
   17.099999999999998       -1.2944313744545077E-005   9.2751552477565724E-005
   17.129999999999999       -1.3036944689681640E-005   1.0002431068478757E-004
   17.160000000000000       -1.3120554698153875E-005   1.0721410817993160E-004
   17.189999999999998       -1.3195254588871386E-005   1.1432666284072468E-004
   17.219999999999999       -1.3261156136312735E-005   1.2136787483107980E-004
   17.250000000000000       -1.3318371874349033E-005   1.2834380887660757E-004
   17.280000000000001       -1.3367014917720077E-005   1.3526067756686189E-004
   17.309999999999999       -1.3407198799275655E-005   1.4212482569675444E-004
   17.340000000000000       -1.3439037325535530E-005   1.4894271562582162E-004
   17.370000000000001       -1.3462644447348460E-005   1.5572091367843655E-004
   17.399999999999999       -1.3478134147315579E-005   1.6246607753522824E-004
   17.430000000000000       -1.3485620343312021E-005   1.6918494461926059E-004
   17.460000000000001       -1.3485216806663480E-005   1.7588432143966770E-004
   17.489999999999998       -1.3477037096532030E-005   1.8257107385899474E-004
   17.520000000000000       -1.3461194507846663E-005   1.8925211826648081E-004
   17.550000000000001       -1.3437802034443891E-005   1.9593441360754582E-004
   17.579999999999998       -1.3406972345642032E-005   2.0262495423573057E-004
   17.609999999999999       -1.3368817776027164E-005   2.0933076354978652E-004
   17.640000000000001       -1.3323450328561748E-005   2.1605888837861187E-004
   17.669999999999998       -1.3270981689239569E-005   2.2281639406607212E-004
   17.699999999999999       -1.3211523254397228E-005   2.2961036022550729E-004
   17.730000000000000       -1.3145186169460921E-005   2.3644787711241122E-004
   17.759999999999998       -1.3072081377130118E-005   2.4333604258508501E-004
   17.789999999999999       -1.2992319677218589E-005   2.5028195960707933E-004
   17.820000000000000       -1.2906011794933114E-005   2.5729273426655652E-004
   17.849999999999998       -1.2813268458700122E-005   2.6437547425750552E-004
   17.879999999999999       -1.2714200485985927E-005   2.7153728779971686E-004
   17.910000000000000       -1.2608918877110575E-005   2.7878528296731986E-004
   17.939999999999998       -1.2497534915056896E-005   2.8612656737792008E-004
   17.969999999999999       -1.2380160273162133E-005   2.9356824823167926E-004
   18.000000000000000       -1.2256907126473315E-005   3.0111743266125757E-004
   18.029999999999998       -1.2127888269541920E-005   3.0878122836064392E-004
   18.059999999999999       -1.1993217237105114E-005   3.1656674448043987E-004
   18.090000000000000       -1.1853008428652778E-005   3.2448109276295156E-004
   18.120000000000001       -1.1707377235659067E-005   3.3253138888689193E-004
   18.149999999999999       -1.1556440169702142E-005   3.4072475401636382E-004
   18.180000000000000       -1.1400314992138227E-005   3.4906831652925518E-004
   18.210000000000001       -1.1239120843775652E-005   3.5756921390728280E-004
   18.239999999999998       -1.1072978373327658E-005   3.6623459478413167E-004
   18.270000000000000       -1.0902009864643958E-005   3.7507162113037396E-004
   18.300000000000001       -1.0726339360833670E-005   3.8408747057161463E-004
   18.329999999999998       -1.0546092785168604E-005   3.9328933882210038E-004
   18.359999999999999       -1.0361398058433835E-005   4.0268444224267341E-004
   18.390000000000001       -1.0172385209283874E-005   4.1228002050885948E-004
   18.419999999999998       -9.9791864803799868E-006   4.2208333938553722E-004
   18.449999999999999       -9.7819364260898212E-006   4.3210169361529438E-004
   18.480000000000000       -9.5807720029705834E-006   4.4234240990270735E-004
   18.509999999999998       -9.3758326517034973E-006   4.5281285002474192E-004
   18.539999999999999       -9.1672603684811449E-006   4.6352041404418287E-004
   18.570000000000000       -8.9551997671799555E-006   4.7447254363675029E-004
   18.599999999999998       -8.7397981294312643E-006   4.8567672555499541E-004
   18.629999999999999       -8.5212054428129846E-006   4.9714049521831782E-004
   18.660000000000000       -8.2995744267178040E-006   5.0887144043443300E-004
   18.689999999999998       -8.0750605442325707E-006   5.2087720528781745E-004
   18.719999999999999       -7.8478220006950039E-006   5.3316549417026238E-004
   18.750000000000000       -7.6180197270403482E-006   5.4574407600149755E-004
   18.779999999999998       -7.3858173481600176E-006   5.5862078861856901E-004
   18.809999999999999       -7.1513811358281387E-006   5.7180354338015604E-004
   18.840000000000000       -6.9148799457519061E-006   5.8530032997516912E-004
   18.870000000000001       -6.6764851377465462E-006   5.9911922146227425E-004
   18.899999999999999       -6.4363704805336930E-006   6.1326837954744917E-004
   18.930000000000000       -6.1947120390537513E-006   6.2775606014398022E-004
   18.960000000000001       -5.9516880455134924E-006   6.4259061917937288E-004
   18.989999999999998       -5.7074787540023486E-006   6.5778051871845378E-004
   19.020000000000000       -5.4622662786218967E-006   6.7333433339378246E-004
   19.050000000000001       -5.2162344155726181E-006   6.8926075715403101E-004
   19.079999999999998       -4.9695684495865144E-006   7.0556861036763507E-004
   19.109999999999999       -4.7224549450941566E-006   7.2226684727993984E-004
   19.140000000000001       -4.4750815227923013E-006   7.3936456385403915E-004
   19.169999999999998       -4.2276366223337192E-006   7.5687100599353130E-004
   19.199999999999999       -3.9803092518608807E-006   7.7479557818094236E-004
   19.230000000000000       -3.7332887251051439E-006   7.9314785252471154E-004
   19.259999999999998       -3.4867643875502452E-006   8.1193757824316037E-004
   19.289999999999999       -3.2409253324372500E-006   8.3117469159432744E-004
   19.320000000000000       -2.9959601074991404E-006   8.5086932623923417E-004
   19.349999999999998       -2.7520564142569093E-006   8.7103182407766155E-004
   19.379999999999999       -2.5094008007653379E-006   8.9167274652979245E-004
   19.410000000000000       -2.2681783493072594E-006   9.1280288629036477E-004
   19.439999999999998       -2.0285723606183748E-006   9.3443327953224298E-004
   19.469999999999999       -1.7907640359193788E-006   9.5657521857184236E-004
   19.500000000000000       -1.5549321583374631E-006   9.7924026497153704E-004
   19.529999999999998       -1.3212527753547754E-006   1.0024402630879337E-003
   19.559999999999999       -1.0898988836299806E-006   1.0261873540233779E-003
   19.590000000000000       -8.6104011801091396E-007   1.0504939899718124E-003
   19.620000000000001       -6.3484244598732698E-007   1.0753729489323405E-003
   19.649999999999999       -4.1146786926293810E-007   1.1008373497531920E-003
   19.680000000000000       -1.9107413389007899E-007   1.1269006674634596E-003
   19.710000000000001        2.6185549593243929E-008   1.1535767488393134E-003
   19.739999999999998        2.4016277471936021E-007   1.1808798281620625E-003
   19.770000000000000        4.5071419497305643E-007   1.2088245430916800E-003
   19.800000000000001        6.5770176581325668E-007   1.2374259505740781E-003
   19.829999999999998        8.6099297168240607E-007   1.2666995427128569E-003
   19.859999999999999        1.0604610369696621E-006   1.2966612624936147E-003
   19.890000000000001        1.2559851200327765E-006   1.3273275192506873E-003
   19.919999999999998        1.4474504893141615E-006   1.3587152037644046E-003
   19.949999999999999        1.6347486810897038E-006   1.3908417028289932E-003
   19.980000000000000        1.8177776379413313E-006   1.4237249131419105E-003
   20.009999999999998        1.9964418278006768E-006   1.4573832543529619E-003
   20.039999999999999        2.1706523428699498E-006   1.4918356810547095E-003
   20.070000000000000        2.3403269784894043E-006   1.5271016935134440E-003
   20.099999999999998        2.5053902917571147E-006   1.5632013468902528E-003
   20.129999999999999        2.6657736398594256E-006   1.6001552587052714E-003
   20.160000000000000        2.8214151980843205E-006   1.6379846142324794E-003
   20.189999999999998        2.9722599583226206E-006   1.6767111695124015E-003
   20.219999999999999        3.1182597076129248E-006   1.7163572516309955E-003
   20.250000000000000        3.2593729880625588E-006   1.7569457558757051E-003
   20.279999999999998        3.3955650378114655E-006   1.7985001393352462E-003
   20.309999999999999        3.5268077145378385E-006   1.8410444105025903E-003
   20.340000000000000        3.6530794015332546E-006   1.8846031143429087E-003
   20.370000000000001        3.7743648975130384E-006   1.9292013123024532E-003
   20.399999999999999        3.8906552912165715E-006   1.9748645566508571E-003
   20.430000000000000        4.0019478210751025E-006   2.0216188585031603E-003
   20.460000000000001        4.1082457217789248E-006   2.0694906488252229E-003
   20.489999999999998        4.2095580580769898E-006   2.1185067316746853E-003
   20.520000000000000        4.3058995470857120E-006   2.1686942288425826E-003
   20.550000000000001        4.3972903703837218E-006   2.2200805150394132E-003
   20.579999999999998        4.4837559766697233E-006   2.2726931426877428E-003
   20.609999999999999        4.5653268765932786E-006   2.3265597553159267E-003
   20.640000000000001        4.6420384299250550E-006   2.3817079885031234E-003
   20.669999999999998        4.7139306272869774E-006   2.4381653572600470E-003
   20.699999999999999        4.7810478667198453E-006   2.4959591286464189E-003
   20.730000000000000        4.8434387264206791E-006   2.5551161784136411E-003
   20.759999999999998        4.9011557349265544E-006   2.6156628303741769E-003
   20.789999999999999        4.9542551389114564E-006   2.6776246771600398E-003
   20.820000000000000        5.0027966709276228E-006   2.7410263810274671E-003
   20.849999999999998        5.0468433164807536E-006   2.8058914532937962E-003
   20.879999999999999        5.0864610828815771E-006   2.8722420110298685E-003
   20.910000000000000        5.1217187688745724E-006   2.9400985096099674E-003
   20.939999999999998        5.1526877379304281E-006   3.0094794497816935E-003
   20.969999999999999        5.1794416940920129E-006   3.0804010579572605E-003
   21.000000000000000        5.2020564620391951E-006   3.1528769385342770E-003
   21.029999999999998        5.2206097719276201E-006   3.2269176971873037E-003
   21.059999999999999        5.2351810492234918E-006   3.3025305342491151E-003
   21.090000000000000        5.2458512103115140E-006   3.3797188075297413E-003
   21.119999999999997        5.2527024643200804E-006   3.4584815641931499E-003
   21.149999999999999        5.2558181217188249E-006   3.5388130417164376E-003
   21.180000000000000        5.2552824092444439E-006   3.6207021383081184E-003
   21.210000000000001        5.2511802927091011E-006   3.7041318537518464E-003
   21.239999999999998        5.2435973074693720E-006   3.7890787021819250E-003
   21.270000000000000        5.2326193955565259E-006   3.8755120990110470E-003
   21.300000000000001        5.2183327519106371E-006   3.9633937250354023E-003
   21.329999999999998        5.2008236782752348E-006   4.0526768716180328E-003
   21.359999999999999        5.1801784448635146E-006   4.1433057718567312E-003
   21.390000000000001        5.1564831605732664E-006   4.2352149237725456E-003
   21.419999999999998        5.1298236510843864E-006   4.3283284127184629E-003
   21.449999999999999        5.1002853453940844E-006   4.4225592415365611E-003
   21.480000000000000        5.0679531704567182E-006   4.5178086783224103E-003
   21.509999999999998        5.0329114534841679E-006   4.6139656331014578E-003
   21.539999999999999        4.9952438327949267E-006   4.7109060761467703E-003
   21.570000000000000        4.9550331756575972E-006   4.8084925120814859E-003
   21.599999999999998        4.9123615045720825E-006   4.9065735252842302E-003
   21.629999999999999        4.8673099304341605E-006   5.0049834133645277E-003
   21.660000000000000        4.8199585934716183E-006   5.1035419265534898E-003
   21.689999999999998        4.7703866107307036E-006   5.2020541316668556E-003
   21.719999999999999        4.7186720306680030E-006   5.3003104198410256E-003
   21.750000000000000        4.6648917946257029E-006   5.3980866772871394E-003
   21.779999999999998        4.6091217046351218E-006   5.4951446379849500E-003
   21.809999999999999        4.5514363967713578E-006   5.5912324362372701E-003
   21.840000000000000        4.4919093212802963E-006   5.6860853754230334E-003
   21.869999999999997        4.4306127275905993E-006   5.7794269269857423E-003
   21.899999999999999        4.3676176555429436E-006   5.8709699705845608E-003
   21.930000000000000        4.3029939308381060E-006   5.9604182825383489E-003
   21.960000000000001        4.2368101659251423E-006   6.0474682750149000E-003
   21.989999999999998        4.1691337652194349E-006   6.1318109830841294E-003
   22.020000000000000        4.1000309349836783E-006   6.2131342907170151E-003
   22.050000000000001        4.0295666964285104E-006   6.2911253802582223E-003
   22.079999999999998        3.9578049035871032E-006   6.3654733829965338E-003
   22.109999999999999        3.8848082640763337E-006   6.4358722013793113E-003
   22.140000000000001        3.8106383632996454E-006   6.5020234664405763E-003
   22.169999999999998        3.7353556914254682E-006   6.5636395874424380E-003
   22.199999999999999        3.6590196732522173E-006   6.6204468448045617E-003
   22.230000000000000        3.5816887007378284E-006   6.6721884724518787E-003
   22.259999999999998        3.5034201667505371E-006   6.7186276720780924E-003
   22.289999999999999        3.4242705023723730E-006   6.7595504996686984E-003
   22.320000000000000        3.3442952143136750E-006   6.7947685642586464E-003
   22.349999999999998        3.2635489244370319E-006   6.8241214803856920E-003
   22.379999999999999        3.1820854107245111E-006   6.8474790191661583E-003
   22.410000000000000        3.0999576488000002E-006   6.8647429082826505E-003
   22.439999999999998        3.0172178538956373E-006   6.8758482383488584E-003
   22.469999999999999        2.9339175242615312E-006   6.8807644418837910E-003
   22.500000000000000        2.8501074833542361E-006   6.8794958211535473E-003
   22.529999999999998        2.7658379236905617E-006   6.8720816121050632E-003
   22.559999999999999        2.6811584487029805E-006   6.8585955830320344E-003
   22.590000000000000        2.5961181159273039E-006   6.8391451781160129E-003
   22.619999999999997        2.5107654777478672E-006   6.8138702270132967E-003
   22.649999999999999        2.4251486226978258E-006   6.7829412518953802E-003
   22.680000000000000        2.3393152147610508E-006   6.7465574123293237E-003
   22.710000000000001        2.2533125317858449E-006   6.7049441358637552E-003
   22.739999999999998        2.1671875021223030E-006   6.6583504878794386E-003
   22.770000000000000        2.0809867393722925E-006   6.6070463380896172E-003
   22.800000000000001        1.9947565759181884E-006   6.5513193829511707E-003
   22.829999999999998        1.9085430932319625E-006   6.4914720832662809E-003
   22.859999999999999        1.8223921511850705E-006   6.4278185744983674E-003
   22.890000000000001        1.7363494132505153E-006   6.3606816040504555E-003
   22.919999999999998        1.6504603707057086E-006   6.2903895451471570E-003
   22.949999999999999        1.5647703627275078E-006   6.2172735313650307E-003
   22.980000000000000        1.4793245943778288E-006   6.1416647495171617E-003
   23.009999999999998        1.3941681504814341E-006   6.0638919218423126E-003
   23.039999999999999        1.3093460075053187E-006   5.9842790015185443E-003
   23.070000000000000        1.2249030404420935E-006   5.9031430987381839E-003
   23.099999999999998        1.1408840280280330E-006   5.8207926480386973E-003
   23.129999999999999        1.0573336526320531E-006   5.7375258215914826E-003
   23.160000000000000        9.7429649725810918E-007   5.6536291877060663E-003
   23.189999999999998        8.9181703866181294E-007   5.5693766091229335E-003
   23.219999999999999        8.0993963691433635E-007   5.4850283716696424E-003
   23.250000000000000        7.2870852041440060E-007   5.4008305306467719E-003
   23.279999999999998        6.4816776756959626E-007   5.3170144598375657E-003
   23.309999999999999        5.6836128403681130E-007   5.2337965862419011E-003
   23.340000000000000        4.8933277674301223E-007   5.1513782925116658E-003
   23.369999999999997        4.1112572346513332E-007   5.0699459684739878E-003
   23.399999999999999        3.3378333874622967E-007   4.9896711930745852E-003
   23.430000000000000        2.5734853648096134E-007   4.9107110283799216E-003
   23.460000000000001        1.8186388817120758E-007   4.8332084079785176E-003
   23.489999999999998        1.0737157818407894E-007   4.7572926030179374E-003
   23.520000000000000        3.3913355568238046E-008   4.6830797502677157E-003
   23.550000000000001       -3.8469517349426496E-008   4.6106734278117401E-003
   23.579999999999998       -1.0973631930921712E-007   4.5401652653414004E-003
   23.609999999999999       -1.7984692740613539E-007   4.4716355773415373E-003
   23.640000000000001       -2.4876187670885841E-007   4.4051540088307917E-003
   23.669999999999998       -3.1644242237671705E-007   4.3407801846289118E-003
   23.699999999999999       -3.8285060338649757E-007   4.2785643543643559E-003
   23.730000000000000       -4.4794930842417813E-007   4.2185480266345721E-003
   23.759999999999998       -5.1170234277586601E-007   4.1607645867935972E-003
   23.789999999999999       -5.7407449655100251E-007   4.1052398938559165E-003
   23.820000000000000       -6.3503161340516812E-007   4.0519928528857108E-003
   23.849999999999998       -6.9454065970697698E-007   4.0010359600506362E-003
   23.879999999999999       -7.5256979337190444E-007   3.9523758182102853E-003
   23.910000000000000       -8.0908843280713683E-007   3.9060136215303132E-003
   23.939999999999998       -8.6406732457966484E-007   3.8619456081265824E-003
   23.969999999999999       -9.1747861008517617E-007   3.8201634801939832E-003
   24.000000000000000       -9.6929589038508013E-007   3.7806547914565058E-003
